name,energy,flux
Ni01,51.85000000000001,3.3333333333333335e-07
Ni01,51.95,3.3333333333333335e-07
Ni01,52.05,0.0
Ni01,52.150000000000006,3.3333333333333335e-07
Ni01,52.25,6.666666666666667e-07
Ni01,52.35000000000001,2.666666666666667e-06
Ni01,52.45,4.333333333333333e-06
Ni01,52.55,1.0666666666666667e-05
Ni01,52.650000000000006,2.6e-05
Ni01,52.75,5.466666666666667e-05
Ni01,52.85000000000001,0.000109
Ni01,52.95,0.00018633333333333333
Ni01,53.05,0.00031833333333333334
Ni01,53.150000000000006,0.0005603333333333334
Ni01,53.25,0.000969
Ni01,53.35000000000001,0.0016263333333333334
Ni01,53.45,0.002552
Ni01,53.55,0.0040093333333333335
Ni01,53.650000000000006,0.006091666666666666
Ni01,53.75,0.008956666666666667
Ni01,53.85000000000001,0.012559
Ni01,53.95,0.017295333333333333
Ni01,54.05,0.022879
Ni01,54.150000000000006,0.029574
Ni01,54.25,0.03695333333333333
Ni01,54.35000000000001,0.044581333333333334
Ni01,54.45,0.052298333333333336
Ni01,54.55,0.059213
Ni01,54.650000000000006,0.065011
Ni01,54.75,0.069045
Ni01,54.85000000000001,0.07126933333333334
Ni01,54.95,0.07098866666666667
Ni01,55.05,0.06875466666666667
Ni01,55.150000000000006,0.064123
Ni01,55.25,0.058273
Ni01,55.35000000000001,0.050996
Ni01,55.45,0.04343233333333334
Ni01,55.55,0.035673333333333335
Ni01,55.650000000000006,0.028375
Ni01,55.75,0.021837
Ni01,55.85000000000001,0.016289
Ni01,55.95,0.011751666666666667
Ni01,56.05,0.008253
Ni01,56.150000000000006,0.005635
Ni01,56.25,0.0036913333333333334
Ni01,56.35000000000001,0.0023696666666666666
Ni01,56.45,0.0014456666666666667
Ni01,56.55,0.000847
Ni01,56.650000000000006,0.0005033333333333333
Ni01,56.75,0.00028233333333333333
Ni01,56.85000000000001,0.00015966666666666665
Ni01,56.95,8e-05
Ni01,57.05,4.1666666666666665e-05
Ni01,57.150000000000006,1.9666666666666666e-05
Ni01,57.25,1.1666666666666666e-05
Ni01,57.35000000000001,5.333333333333334e-06
Ni01,57.45,2.666666666666667e-06
Ni01,57.55,3.3333333333333335e-07
Ni01,57.650000000000006,3.3333333333333335e-07
Sn01,51.55,3.3333333333333335e-07
Sn01,51.650000000000006,0.0
Sn01,51.75,3.3333333333333335e-07
Sn01,51.85000000000001,3.3333333333333335e-07
Sn01,51.95,6.666666666666667e-07
Sn01,52.05,2e-06
Sn01,52.150000000000006,3.6666666666666666e-06
Sn01,52.25,8.666666666666666e-06
Sn01,52.35000000000001,2.5666666666666666e-05
Sn01,52.45,4.5e-05
Sn01,52.55,9.4e-05
Sn01,52.650000000000006,0.00016433333333333333
Sn01,52.75,0.000274
Sn01,52.85000000000001,0.0004973333333333334
Sn01,52.95,0.0008473333333333333
Sn01,53.05,0.0013846666666666666
Sn01,53.150000000000006,0.002232
Sn01,53.25,0.00355
Sn01,53.35000000000001,0.005367333333333333
Sn01,53.45,0.007822
Sn01,53.55,0.011149333333333334
Sn01,53.650000000000006,0.015467666666666666
Sn01,53.75,0.020635
Sn01,53.85000000000001,0.026698666666666666
Sn01,53.95,0.033754
Sn01,54.05,0.040967
Sn01,54.150000000000006,0.048676
Sn01,54.25,0.05585
Sn01,54.35000000000001,0.061791
Sn01,54.45,0.06668
Sn01,54.55,0.06964833333333334
Sn01,54.650000000000006,0.070442
Sn01,54.75,0.06925666666666666
Sn01,54.85000000000001,0.065659
Sn01,54.95,0.060614
Sn01,55.05,0.054191333333333334
Sn01,55.150000000000006,0.046661666666666664
Sn01,55.25,0.03937633333333333
Sn01,55.35000000000001,0.03203366666666667
Sn01,55.45,0.025022666666666665
Sn01,55.55,0.019164
Sn01,55.650000000000006,0.014158333333333334
Sn01,55.75,0.010063333333333334
Sn01,55.85000000000001,0.007058666666666667
Sn01,55.95,0.004741666666666667
Sn01,56.05,0.0031366666666666665
Sn01,56.150000000000006,0.001958
Sn01,56.25,0.0012103333333333332
Sn01,56.35000000000001,0.0007153333333333333
Sn01,56.45,0.0004063333333333333
Sn01,56.55,0.00023133333333333334
Sn01,56.650000000000006,0.00013033333333333332
Sn01,56.75,6.5e-05
Sn01,56.85000000000001,3.4e-05
Sn01,56.95,1.6666666666666667e-05
Sn01,57.05,9.333333333333333e-06
Sn01,57.150000000000006,4e-06
Sn01,57.25,2.333333333333333e-06
Sn01,57.35000000000001,0.0
Sn01,57.45,3.3333333333333335e-07
Ta01,51.35000000000001,3.3333333333333335e-07
Ta01,51.45,3.3333333333333335e-07
Ta01,51.55,3.3333333333333335e-07
Ta01,51.650000000000006,0.0
Ta01,51.75,6.666666666666667e-07
Ta01,51.85000000000001,2.666666666666667e-06
Ta01,51.95,4.666666666666666e-06
Ta01,52.05,1.0333333333333333e-05
Ta01,52.150000000000006,2.5666666666666666e-05
Ta01,52.25,5.8e-05
Ta01,52.35000000000001,0.000112
Ta01,52.45,0.000187
Ta01,52.55,0.000317
Ta01,52.650000000000006,0.000563
Ta01,52.75,0.0009713333333333334
Ta01,52.85000000000001,0.0015973333333333334
Ta01,52.95,0.0025566666666666667
Ta01,53.05,0.003975666666666666
Ta01,53.150000000000006,0.006043
Ta01,53.25,0.008838666666666667
Ta01,53.35000000000001,0.012495333333333334
Ta01,53.45,0.017080666666666668
Ta01,53.55,0.022663
Ta01,53.650000000000006,0.029289666666666665
Ta01,53.75,0.036548
Ta01,53.85000000000001,0.04413566666666666
Ta01,53.95,0.051769666666666665
Ta01,54.05,0.058694
Ta01,54.150000000000006,0.064639
Ta01,54.25,0.06854333333333333
Ta01,54.35000000000001,0.07083333333333333
Ta01,54.45,0.070956
Ta01,54.55,0.06876733333333333
Ta01,54.650000000000006,0.06427933333333333
Ta01,54.75,0.05837933333333333
Ta01,54.85000000000001,0.05138466666666667
Ta01,54.95,0.04396233333333333
Ta01,55.05,0.03608566666666667
Ta01,55.150000000000006,0.028827333333333333
Ta01,55.25,0.022299
Ta01,55.35000000000001,0.01671
Ta01,55.45,0.012071333333333333
Ta01,55.55,0.008555666666666666
Ta01,55.650000000000006,0.005807
Ta01,55.75,0.003864
Ta01,55.85000000000001,0.0024803333333333335
Ta01,55.95,0.001527
Ta01,56.05,0.0009023333333333333
Ta01,56.150000000000006,0.0005236666666666666
Ta01,56.25,0.0003083333333333333
Ta01,56.35000000000001,0.000176
Ta01,56.45,8.7e-05
Ta01,56.55,4.433333333333333e-05
Ta01,56.650000000000006,2.2666666666666668e-05
Ta01,56.75,1.3e-05
Ta01,56.85000000000001,6.333333333333333e-06
Ta01,56.95,3e-06
Ta01,57.05,3.3333333333333335e-07
Ta01,57.150000000000006,3.3333333333333335e-07
Cu01,51.150000000000006,3.3333333333333335e-07
Cu01,51.25,3.3333333333333335e-07
Cu01,51.35000000000001,3.3333333333333335e-07
Cu01,51.45,0.0
Cu01,51.55,6.666666666666667e-07
Cu01,51.650000000000006,2.666666666666667e-06
Cu01,51.75,4.666666666666666e-06
Cu01,51.85000000000001,1.1e-05
Cu01,51.95,2.7333333333333335e-05
Cu01,52.05,5.7333333333333336e-05
Cu01,52.150000000000006,0.000111
Cu01,52.25,0.000189
Cu01,52.35000000000001,0.000321
Cu01,52.45,0.0005606666666666667
Cu01,52.55,0.000971
Cu01,52.650000000000006,0.0016003333333333334
Cu01,52.75,0.0025373333333333333
Cu01,52.85000000000001,0.003942333333333333
Cu01,52.95,0.006013333333333333
Cu01,53.05,0.008778
Cu01,53.150000000000006,0.012367
Cu01,53.25,0.016919333333333335
Cu01,53.35000000000001,0.022456
Cu01,53.45,0.028959
Cu01,53.55,0.036242
Cu01,53.650000000000006,0.043742
Cu01,53.75,0.051312333333333335
Cu01,53.85000000000001,0.05815666666666667
Cu01,53.95,0.06414433333333333
Cu01,54.05,0.06819566666666667
Cu01,54.150000000000006,0.07054633333333334
Cu01,54.25,0.07073133333333333
Cu01,54.35000000000001,0.06872433333333333
Cu01,54.45,0.06437
Cu01,54.55,0.05860866666666667
Cu01,54.650000000000006,0.05170866666666667
Cu01,54.75,0.044338
Cu01,54.85000000000001,0.03656466666666667
Cu01,54.95,0.029309
Cu01,55.05,0.022712333333333334
Cu01,55.150000000000006,0.017106666666666666
Cu01,55.25,0.012404666666666666
Cu01,55.35000000000001,0.008781
Cu01,55.45,0.006027333333333333
Cu01,55.55,0.004020333333333333
Cu01,55.650000000000006,0.002584
Cu01,55.75,0.0016256666666666668
Cu01,55.85000000000001,0.000953
Cu01,55.95,0.0005583333333333333
Cu01,56.05,0.00032333333333333335
Cu01,56.150000000000006,0.00018666666666666666
Cu01,56.25,9.7e-05
Cu01,56.35000000000001,4.5e-05
Cu01,56.45,2.5666666666666666e-05
Cu01,56.55,1.4e-05
Cu01,56.650000000000006,7e-06
Cu01,56.75,2.666666666666667e-06
Cu01,56.85000000000001,1e-06
Cu01,56.95,3.3333333333333335e-07
Al_degrader_A1,44.150000000000006,8.333333333333334e-08
Al_degrader_A1,44.25,0.0
Al_degrader_A1,44.35000000000001,0.0
Al_degrader_A1,44.45,0.0
Al_degrader_A1,44.55,3.3333333333333335e-07
Al_degrader_A1,44.650000000000006,3.3333333333333335e-07
Al_degrader_A1,44.75,6.666666666666667e-07
Al_degrader_A1,44.85000000000001,1.4166666666666667e-06
Al_degrader_A1,44.95,3.5833333333333335e-06
Al_degrader_A1,45.05,6.166666666666666e-06
Al_degrader_A1,45.150000000000006,1.1416666666666667e-05
Al_degrader_A1,45.25,1.7583333333333335e-05
Al_degrader_A1,45.35000000000001,2.7666666666666667e-05
Al_degrader_A1,45.45,4.7583333333333336e-05
Al_degrader_A1,45.55,7.691666666666666e-05
Al_degrader_A1,45.650000000000006,0.00012733333333333333
Al_degrader_A1,45.75,0.0001895
Al_degrader_A1,45.85000000000001,0.00028325
Al_degrader_A1,45.95,0.0004381666666666667
Al_degrader_A1,46.05,0.0006068333333333334
Al_degrader_A1,46.150000000000006,0.00086125
Al_degrader_A1,46.25,0.0011725833333333334
Al_degrader_A1,46.35000000000001,0.0015655833333333333
Al_degrader_A1,46.45,0.00205825
Al_degrader_A1,46.55,0.00266625
Al_degrader_A1,46.650000000000006,0.003288333333333333
Al_degrader_A1,46.75,0.004066083333333333
Al_degrader_A1,46.85000000000001,0.004794083333333333
Al_degrader_A1,46.95,0.0057094166666666665
Al_degrader_A1,47.05,0.006552
Al_degrader_A1,47.150000000000006,0.007404666666666667
Al_degrader_A1,47.25,0.008427333333333334
Al_degrader_A1,47.35000000000001,0.009059916666666668
Al_degrader_A1,47.45,0.009854
Al_degrader_A1,47.55,0.010463416666666666
Al_degrader_A1,47.650000000000006,0.01104475
Al_degrader_A1,47.75,0.01145525
Al_degrader_A1,47.85000000000001,0.012148083333333334
Al_degrader_A1,47.95,0.012191916666666667
Al_degrader_A1,48.05,0.012498583333333334
Al_degrader_A1,48.150000000000006,0.012666916666666667
Al_degrader_A1,48.25,0.01279875
Al_degrader_A1,48.35000000000001,0.012899416666666667
Al_degrader_A1,48.45,0.012937416666666667
Al_degrader_A1,48.55,0.013323916666666666
Al_degrader_A1,48.650000000000006,0.01312225
Al_degrader_A1,48.75,0.013148083333333333
Al_degrader_A1,48.85000000000001,0.013169416666666666
Al_degrader_A1,48.95,0.013193416666666668
Al_degrader_A1,49.05,0.013177916666666666
Al_degrader_A1,49.150000000000006,0.013489166666666667
Al_degrader_A1,49.25,0.013266416666666666
Al_degrader_A1,49.35000000000001,0.013321333333333333
Al_degrader_A1,49.45,0.013293333333333334
Al_degrader_A1,49.55,0.0133645
Al_degrader_A1,49.650000000000006,0.013294
Al_degrader_A1,49.75,0.013622833333333334
Al_degrader_A1,49.85000000000001,0.013365416666666666
Al_degrader_A1,49.95,0.01344375
Al_degrader_A1,50.05,0.0133965
Al_degrader_A1,50.150000000000006,0.013506666666666667
Al_degrader_A1,50.25,0.013449416666666667
Al_degrader_A1,50.35000000000001,0.01360475
Al_degrader_A1,50.45,0.013480833333333333
Al_degrader_A1,50.55,0.01355925
Al_degrader_A1,50.650000000000006,0.013561083333333333
Al_degrader_A1,50.75,0.01360075
Al_degrader_A1,50.85000000000001,0.0135845
Al_degrader_A1,50.95,0.013562833333333333
Al_degrader_A1,51.05,0.013636916666666667
Al_degrader_A1,51.150000000000006,0.01367275
Al_degrader_A1,51.25,0.013688416666666666
Al_degrader_A1,51.35000000000001,0.013715416666666667
Al_degrader_A1,51.45,0.013716416666666667
Al_degrader_A1,51.55,0.013678916666666667
Al_degrader_A1,51.650000000000006,0.01377425
Al_degrader_A1,51.75,0.013792833333333334
Al_degrader_A1,51.85000000000001,0.013824166666666667
Al_degrader_A1,51.95,0.013847916666666666
Al_degrader_A1,52.05,0.01383075
Al_degrader_A1,52.150000000000006,0.01380775
Al_degrader_A1,52.25,0.013891583333333334
Al_degrader_A1,52.35000000000001,0.013919
Al_degrader_A1,52.45,0.013944583333333333
Al_degrader_A1,52.55,0.01396675
Al_degrader_A1,52.650000000000006,0.013948
Al_degrader_A1,52.75,0.01390825
Al_degrader_A1,52.85000000000001,0.01399675
Al_degrader_A1,52.95,0.013999666666666667
Al_degrader_A1,53.05,0.013984583333333333
Al_degrader_A1,53.150000000000006,0.01395625
Al_degrader_A1,53.25,0.0138735
Al_degrader_A1,53.35000000000001,0.01371775
Al_degrader_A1,53.45,0.013612416666666667
Al_degrader_A1,53.55,0.013381833333333334
Al_degrader_A1,53.650000000000006,0.01305325
Al_degrader_A1,53.75,0.012647083333333333
Al_degrader_A1,53.85000000000001,0.012032916666666667
Al_degrader_A1,53.95,0.01137025
Al_degrader_A1,54.05,0.010564
Al_degrader_A1,54.150000000000006,0.009684833333333333
Al_degrader_A1,54.25,0.008712916666666667
Al_degrader_A1,54.35000000000001,0.007647416666666667
Al_degrader_A1,54.45,0.006529166666666667
Al_degrader_A1,54.55,0.005519166666666667
Al_degrader_A1,54.650000000000006,0.00452
Al_degrader_A1,54.75,0.0036024166666666665
Al_degrader_A1,54.85000000000001,0.0027935
Al_degrader_A1,54.95,0.00212425
Al_degrader_A1,55.05,0.0015445
Al_degrader_A1,55.150000000000006,0.0011038333333333334
Al_degrader_A1,55.25,0.00076125
Al_degrader_A1,55.35000000000001,0.000515
Al_degrader_A1,55.45,0.000338
Al_degrader_A1,55.55,0.00021783333333333333
Al_degrader_A1,55.650000000000006,0.00012866666666666666
Al_degrader_A1,55.75,7.891666666666667e-05
Al_degrader_A1,55.85000000000001,4.208333333333333e-05
Al_degrader_A1,55.95,2.6083333333333335e-05
Al_degrader_A1,56.05,1.625e-05
Al_degrader_A1,56.150000000000006,6.5833333333333335e-06
Al_degrader_A1,56.25,3e-06
Al_degrader_A1,56.35000000000001,2.0833333333333334e-06
Al_degrader_A1,56.45,1.25e-06
Al_degrader_A1,56.55,4.1666666666666667e-07
Al_degrader_A1,56.650000000000006,1.6666666666666668e-07
Al_degrader_A1,56.75,8.333333333333334e-08
Ni02,43.85000000000001,3.3333333333333335e-07
Ni02,43.95,3.3333333333333335e-07
Ni02,44.05,0.0
Ni02,44.150000000000006,3.3333333333333335e-07
Ni02,44.25,6.666666666666667e-07
Ni02,44.35000000000001,2e-06
Ni02,44.45,2.333333333333333e-06
Ni02,44.55,7e-06
Ni02,44.650000000000006,1.2333333333333333e-05
Ni02,44.75,2.966666666666667e-05
Ni02,44.85000000000001,5.9e-05
Ni02,44.95,9.933333333333334e-05
Ni02,45.05,0.000162
Ni02,45.150000000000006,0.00026733333333333334
Ni02,45.25,0.000429
Ni02,45.35000000000001,0.0006996666666666667
Ni02,45.45,0.001115
Ni02,45.55,0.0017456666666666666
Ni02,45.650000000000006,0.00266
Ni02,45.75,0.0038053333333333333
Ni02,45.85000000000001,0.005586333333333333
Ni02,45.95,0.007873666666666666
Ni02,46.05,0.010595666666666666
Ni02,46.150000000000006,0.014187
Ni02,46.25,0.018404333333333335
Ni02,46.35000000000001,0.023473666666666667
Ni02,46.45,0.029034
Ni02,46.55,0.03508066666666667
Ni02,46.650000000000006,0.041065333333333336
Ni02,46.75,0.04702666666666667
Ni02,46.85000000000001,0.05246566666666667
Ni02,46.95,0.057334333333333334
Ni02,47.05,0.061109333333333335
Ni02,47.150000000000006,0.06332166666666666
Ni02,47.25,0.06409966666666667
Ni02,47.35000000000001,0.06274533333333333
Ni02,47.45,0.060082333333333335
Ni02,47.55,0.056045
Ni02,47.650000000000006,0.05148233333333333
Ni02,47.75,0.045731666666666664
Ni02,47.85000000000001,0.03963766666666667
Ni02,47.95,0.03308133333333333
Ni02,48.05,0.027154
Ni02,48.150000000000006,0.021777333333333333
Ni02,48.25,0.017070666666666668
Ni02,48.35000000000001,0.012861666666666667
Ni02,48.45,0.009485666666666667
Ni02,48.55,0.006936333333333333
Ni02,48.650000000000006,0.004856333333333333
Ni02,48.75,0.0033406666666666667
Ni02,48.85000000000001,0.002206
Ni02,48.95,0.0014653333333333332
Ni02,49.05,0.00091
Ni02,49.150000000000006,0.0005756666666666667
Ni02,49.25,0.0003356666666666667
Ni02,49.35000000000001,0.000207
Ni02,49.45,0.00012066666666666667
Ni02,49.55,6.233333333333334e-05
Ni02,49.650000000000006,3.433333333333333e-05
Ni02,49.75,1.7333333333333332e-05
Ni02,49.85000000000001,1.2333333333333333e-05
Ni02,49.95,5.666666666666667e-06
Ni02,50.05,2.333333333333333e-06
Ni02,50.150000000000006,1.3333333333333334e-06
Ni02,50.25,3.3333333333333335e-07
Sn02,43.55,3.3333333333333335e-07
Sn02,43.650000000000006,3.3333333333333335e-07
Sn02,43.75,0.0
Sn02,43.85000000000001,3.3333333333333335e-07
Sn02,43.95,6.666666666666667e-07
Sn02,44.05,2e-06
Sn02,44.150000000000006,3.3333333333333333e-06
Sn02,44.25,6.666666666666667e-06
Sn02,44.35000000000001,1.7e-05
Sn02,44.45,3e-05
Sn02,44.55,6.133333333333334e-05
Sn02,44.650000000000006,0.00010066666666666667
Sn02,44.75,0.000162
Sn02,44.85000000000001,0.000268
Sn02,44.95,0.000447
Sn02,45.05,0.000722
Sn02,45.150000000000006,0.0010943333333333332
Sn02,45.25,0.001729
Sn02,45.35000000000001,0.0026246666666666666
Sn02,45.45,0.0037506666666666665
Sn02,45.55,0.005502
Sn02,45.650000000000006,0.007626333333333333
Sn02,45.75,0.010333333333333333
Sn02,45.85000000000001,0.013754333333333334
Sn02,45.95,0.017815666666666667
Sn02,46.05,0.022778
Sn02,46.150000000000006,0.028101
Sn02,46.25,0.033653
Sn02,46.35000000000001,0.04001066666666667
Sn02,46.45,0.045474
Sn02,46.55,0.051181333333333336
Sn02,46.650000000000006,0.05616033333333333
Sn02,46.75,0.05936533333333333
Sn02,46.85000000000001,0.062276
Sn02,46.95,0.06285533333333333
Sn02,47.05,0.062593
Sn02,47.150000000000006,0.05992566666666667
Sn02,47.25,0.056625
Sn02,47.35000000000001,0.052082
Sn02,47.45,0.04679733333333334
Sn02,47.55,0.04042233333333333
Sn02,47.650000000000006,0.03484966666666667
Sn02,47.75,0.028698666666666667
Sn02,47.85000000000001,0.023078333333333333
Sn02,47.95,0.018307666666666667
Sn02,48.05,0.013974333333333333
Sn02,48.150000000000006,0.010590666666666667
Sn02,48.25,0.007737666666666667
Sn02,48.35000000000001,0.005465
Sn02,48.45,0.0037993333333333334
Sn02,48.55,0.002616
Sn02,48.650000000000006,0.0017176666666666666
Sn02,48.75,0.0011126666666666668
Sn02,48.85000000000001,0.000675
Sn02,48.95,0.0004366666666666667
Sn02,49.05,0.000249
Sn02,49.150000000000006,0.00014833333333333332
Sn02,49.25,9.333333333333333e-05
Sn02,49.35000000000001,4.4e-05
Sn02,49.45,2.5e-05
Sn02,49.55,1.4666666666666666e-05
Sn02,49.650000000000006,7.333333333333333e-06
Sn02,49.75,4e-06
Sn02,49.85000000000001,2e-06
Sn02,49.95,3.3333333333333335e-07
Sn02,50.05,3.3333333333333335e-07
Ta02,43.25,3.3333333333333335e-07
Ta02,43.35000000000001,0.0
Ta02,43.45,3.3333333333333335e-07
Ta02,43.55,3.3333333333333335e-07
Ta02,43.650000000000006,0.0
Ta02,43.75,1.6666666666666667e-06
Ta02,43.85000000000001,2.333333333333333e-06
Ta02,43.95,4e-06
Ta02,44.05,9.333333333333333e-06
Ta02,44.150000000000006,2.0333333333333334e-05
Ta02,44.25,4.233333333333333e-05
Ta02,44.35000000000001,7.966666666666666e-05
Ta02,44.45,0.00013266666666666667
Ta02,44.55,0.00020566666666666666
Ta02,44.650000000000006,0.00033666666666666665
Ta02,44.75,0.000549
Ta02,44.85000000000001,0.0008993333333333334
Ta02,44.95,0.0013976666666666666
Ta02,45.05,0.0021086666666666667
Ta02,45.150000000000006,0.003167
Ta02,45.25,0.004608
Ta02,45.35000000000001,0.006530666666666666
Ta02,45.45,0.009029666666666667
Ta02,45.55,0.012111333333333333
Ta02,45.650000000000006,0.015953333333333333
Ta02,45.75,0.0204
Ta02,45.85000000000001,0.025873333333333335
Ta02,45.95,0.031599
Ta02,46.05,0.03749566666666666
Ta02,46.150000000000006,0.04350233333333333
Ta02,46.25,0.04931233333333333
Ta02,46.35000000000001,0.054433
Ta02,46.45,0.059029
Ta02,46.55,0.06192466666666667
Ta02,46.650000000000006,0.06345866666666666
Ta02,46.75,0.063102
Ta02,46.85000000000001,0.061609333333333335
Ta02,46.95,0.05830766666666667
Ta02,47.05,0.05394733333333333
Ta02,47.150000000000006,0.049092666666666666
Ta02,47.25,0.04332133333333334
Ta02,47.35000000000001,0.03712733333333333
Ta02,47.45,0.030664
Ta02,47.55,0.024937333333333332
Ta02,47.650000000000006,0.01981633333333333
Ta02,47.75,0.015388666666666667
Ta02,47.85000000000001,0.011591333333333334
Ta02,47.95,0.008507333333333334
Ta02,48.05,0.006069
Ta02,48.150000000000006,0.004254333333333333
Ta02,48.25,0.0029196666666666668
Ta02,48.35000000000001,0.0019366666666666666
Ta02,48.45,0.0012506666666666666
Ta02,48.55,0.000779
Ta02,48.650000000000006,0.00047566666666666666
Ta02,48.75,0.00029266666666666666
Ta02,48.85000000000001,0.000177
Ta02,48.95,0.00010233333333333333
Ta02,49.05,4.966666666666667e-05
Ta02,49.150000000000006,2.8666666666666668e-05
Ta02,49.25,1.6666666666666667e-05
Ta02,49.35000000000001,9.666666666666667e-06
Ta02,49.45,4.333333333333333e-06
Ta02,49.55,2.333333333333333e-06
Ta02,49.650000000000006,3.3333333333333335e-07
Ta02,49.75,3.3333333333333335e-07
Cu02,43.05,3.3333333333333335e-07
Cu02,43.150000000000006,3.3333333333333335e-07
Cu02,43.25,3.3333333333333335e-07
Cu02,43.35000000000001,0.0
Cu02,43.45,3.3333333333333335e-07
Cu02,43.55,1.3333333333333334e-06
Cu02,43.650000000000006,2.666666666666667e-06
Cu02,43.75,6e-06
Cu02,43.85000000000001,1.2e-05
Cu02,43.95,2.6e-05
Cu02,44.05,4.8666666666666666e-05
Cu02,44.150000000000006,9.2e-05
Cu02,44.25,0.000147
Cu02,44.35000000000001,0.000232
Cu02,44.45,0.0003826666666666667
Cu02,44.55,0.0006103333333333334
Cu02,44.650000000000006,0.0009943333333333334
Cu02,44.75,0.0015563333333333334
Cu02,44.85000000000001,0.0022903333333333335
Cu02,44.95,0.003453
Cu02,45.05,0.004994333333333333
Cu02,45.150000000000006,0.0070483333333333335
Cu02,45.25,0.009533
Cu02,45.35000000000001,0.012849
Cu02,45.45,0.016745666666666666
Cu02,45.55,0.021480666666666665
Cu02,45.650000000000006,0.026571
Cu02,45.75,0.032642333333333336
Cu02,45.85000000000001,0.038456333333333335
Cu02,45.95,0.044379
Cu02,46.05,0.04991166666666667
Cu02,46.150000000000006,0.055047
Cu02,46.25,0.059297333333333334
Cu02,46.35000000000001,0.06193033333333333
Cu02,46.45,0.06345966666666666
Cu02,46.55,0.062591
Cu02,46.650000000000006,0.060888333333333336
Cu02,46.75,0.057522333333333335
Cu02,46.85000000000001,0.052961
Cu02,46.95,0.04804133333333333
Cu02,47.05,0.042303
Cu02,47.150000000000006,0.036235666666666666
Cu02,47.25,0.029893333333333334
Cu02,47.35000000000001,0.024183666666666666
Cu02,47.45,0.019171333333333332
Cu02,47.55,0.014888
Cu02,47.650000000000006,0.011210666666666667
Cu02,47.75,0.008228666666666667
Cu02,47.85000000000001,0.005817333333333333
Cu02,47.95,0.004110333333333333
Cu02,48.05,0.002828
Cu02,48.150000000000006,0.0018646666666666666
Cu02,48.25,0.0011936666666666667
Cu02,48.35000000000001,0.0007453333333333333
Cu02,48.45,0.0004623333333333333
Cu02,48.55,0.00027966666666666667
Cu02,48.650000000000006,0.000171
Cu02,48.75,0.0001
Cu02,48.85000000000001,4.7333333333333336e-05
Cu02,48.95,2.7666666666666667e-05
Cu02,49.05,1.5666666666666667e-05
Cu02,49.150000000000006,9.666666666666667e-06
Cu02,49.25,4.333333333333333e-06
Cu02,49.35000000000001,2.333333333333333e-06
Cu02,49.45,3.3333333333333335e-07
Cu02,49.55,3.3333333333333335e-07
Al_degrader_B2,37.45,9.090909090909091e-08
Al_degrader_B2,37.55,0.0
Al_degrader_B2,37.650000000000006,0.0
Al_degrader_B2,37.75,0.0
Al_degrader_B2,37.85,0.0
Al_degrader_B2,37.95,1.8181818181818183e-07
Al_degrader_B2,38.05,5.454545454545455e-07
Al_degrader_B2,38.150000000000006,1.8181818181818183e-07
Al_degrader_B2,38.25,8.181818181818182e-07
Al_degrader_B2,38.35000000000001,1.818181818181818e-06
Al_degrader_B2,38.45,3.7272727272727274e-06
Al_degrader_B2,38.55,6.454545454545454e-06
Al_degrader_B2,38.650000000000006,1.1636363636363637e-05
Al_degrader_B2,38.75,1.572727272727273e-05
Al_degrader_B2,38.85000000000001,2.3727272727272726e-05
Al_degrader_B2,38.95,3.8636363636363636e-05
Al_degrader_B2,39.05,6.172727272727273e-05
Al_degrader_B2,39.150000000000006,9.509090909090909e-05
Al_degrader_B2,39.25,0.00014290909090909092
Al_degrader_B2,39.35000000000001,0.00021045454545454546
Al_degrader_B2,39.45,0.00028954545454545455
Al_degrader_B2,39.55,0.00044327272727272726
Al_degrader_B2,39.650000000000006,0.0005965454545454545
Al_degrader_B2,39.75,0.0008204545454545454
Al_degrader_B2,39.85000000000001,0.0011056363636363635
Al_degrader_B2,39.95,0.0014398181818181819
Al_degrader_B2,40.05,0.001874
Al_degrader_B2,40.150000000000006,0.0023879090909090907
Al_degrader_B2,40.25,0.0030377272727272727
Al_degrader_B2,40.35000000000001,0.0036962727272727273
Al_degrader_B2,40.45,0.004470636363636363
Al_degrader_B2,40.55,0.005260727272727273
Al_degrader_B2,40.650000000000006,0.006257
Al_degrader_B2,40.75,0.007158818181818182
Al_degrader_B2,40.85000000000001,0.008202545454545454
Al_degrader_B2,40.95,0.009141818181818182
Al_degrader_B2,41.05,0.01022490909090909
Al_degrader_B2,41.150000000000006,0.011025727272727272
Al_degrader_B2,41.25,0.012017272727272727
Al_degrader_B2,41.35000000000001,0.012797363636363636
Al_degrader_B2,41.45,0.01350390909090909
Al_degrader_B2,41.55,0.014237545454545454
Al_degrader_B2,41.650000000000006,0.014653181818181819
Al_degrader_B2,41.75,0.015330909090909091
Al_degrader_B2,41.85000000000001,0.015608272727272728
Al_degrader_B2,41.95,0.01593318181818182
Al_degrader_B2,42.05,0.016267636363636363
Al_degrader_B2,42.150000000000006,0.016347818181818182
Al_degrader_B2,42.25,0.016654545454545453
Al_degrader_B2,42.35000000000001,0.01670381818181818
Al_degrader_B2,42.45,0.016818545454545454
Al_degrader_B2,42.55,0.016865727272727272
Al_degrader_B2,42.650000000000006,0.016977909090909092
Al_degrader_B2,42.75,0.017003
Al_degrader_B2,42.85000000000001,0.01712909090909091
Al_degrader_B2,42.95,0.01706390909090909
Al_degrader_B2,43.05,0.017145363636363636
Al_degrader_B2,43.150000000000006,0.01719581818181818
Al_degrader_B2,43.25,0.01711381818181818
Al_degrader_B2,43.35000000000001,0.01734409090909091
Al_degrader_B2,43.45,0.017267
Al_degrader_B2,43.55,0.017269
Al_degrader_B2,43.650000000000006,0.017384727272727274
Al_degrader_B2,43.75,0.01728209090909091
Al_degrader_B2,43.85000000000001,0.017478
Al_degrader_B2,43.95,0.017402636363636363
Al_degrader_B2,44.05,0.017469272727272726
Al_degrader_B2,44.150000000000006,0.017411
Al_degrader_B2,44.25,0.017563181818181818
Al_degrader_B2,44.35000000000001,0.017593636363636363
Al_degrader_B2,44.45,0.01759281818181818
Al_degrader_B2,44.55,0.017602363636363635
Al_degrader_B2,44.650000000000006,0.017586545454545455
Al_degrader_B2,44.75,0.01768390909090909
Al_degrader_B2,44.85000000000001,0.01768072727272727
Al_degrader_B2,44.95,0.017715818181818183
Al_degrader_B2,45.05,0.017647636363636365
Al_degrader_B2,45.150000000000006,0.01762509090909091
Al_degrader_B2,45.25,0.017624363636363636
Al_degrader_B2,45.35000000000001,0.01750118181818182
Al_degrader_B2,45.45,0.017462636363636364
Al_degrader_B2,45.55,0.017211636363636363
Al_degrader_B2,45.650000000000006,0.016878818181818182
Al_degrader_B2,45.75,0.01664418181818182
Al_degrader_B2,45.85000000000001,0.016051636363636365
Al_degrader_B2,45.95,0.01569890909090909
Al_degrader_B2,46.05,0.014854090909090909
Al_degrader_B2,46.150000000000006,0.014056090909090909
Al_degrader_B2,46.25,0.013198
Al_degrader_B2,46.35000000000001,0.012111181818181818
Al_degrader_B2,46.45,0.011157909090909092
Al_degrader_B2,46.55,0.009874363636363636
Al_degrader_B2,46.650000000000006,0.008696272727272728
Al_degrader_B2,46.75,0.0074765454545454545
Al_degrader_B2,46.85000000000001,0.006386909090909091
Al_degrader_B2,46.95,0.005398
Al_degrader_B2,47.05,0.004352090909090909
Al_degrader_B2,47.150000000000006,0.0034536363636363636
Al_degrader_B2,47.25,0.0026974545454545454
Al_degrader_B2,47.35000000000001,0.002073818181818182
Al_degrader_B2,47.45,0.0015412727272727273
Al_degrader_B2,47.55,0.001144090909090909
Al_degrader_B2,47.650000000000006,0.0008092727272727273
Al_degrader_B2,47.75,0.0005592727272727273
Al_degrader_B2,47.85000000000001,0.00037827272727272726
Al_degrader_B2,47.95,0.00026318181818181817
Al_degrader_B2,48.05,0.0001689090909090909
Al_degrader_B2,48.150000000000006,0.00010618181818181819
Al_degrader_B2,48.25,6.181818181818182e-05
Al_degrader_B2,48.35000000000001,3.736363636363636e-05
Al_degrader_B2,48.45,2.490909090909091e-05
Al_degrader_B2,48.55,1.5090909090909091e-05
Al_degrader_B2,48.650000000000006,7.1818181818181815e-06
Al_degrader_B2,48.75,3.272727272727273e-06
Al_degrader_B2,48.85000000000001,2.5454545454545456e-06
Al_degrader_B2,48.95,1.090909090909091e-06
Al_degrader_B2,49.05,6.363636363636364e-07
Al_degrader_B2,49.150000000000006,5.454545454545455e-07
Al_degrader_B2,49.25,0.0
Al_degrader_B2,49.35000000000001,9.090909090909091e-08
Ni03,37.150000000000006,3.3333333333333335e-07
Ni03,37.25,0.0
Ni03,37.35,3.3333333333333335e-07
Ni03,37.45,3.3333333333333335e-07
Ni03,37.55,0.0
Ni03,37.650000000000006,6.666666666666667e-07
Ni03,37.75,1e-06
Ni03,37.85,2.666666666666667e-06
Ni03,37.95,5e-06
Ni03,38.05,8.666666666666666e-06
Ni03,38.150000000000006,1.8333333333333333e-05
Ni03,38.25,3.1666666666666666e-05
Ni03,38.35000000000001,6.3e-05
Ni03,38.45,9.1e-05
Ni03,38.55,0.000149
Ni03,38.650000000000006,0.000225
Ni03,38.75,0.00034766666666666664
Ni03,38.85000000000001,0.0005303333333333333
Ni03,38.95,0.0008346666666666667
Ni03,39.05,0.0012246666666666667
Ni03,39.150000000000006,0.0017776666666666668
Ni03,39.25,0.0026193333333333333
Ni03,39.35000000000001,0.0035843333333333335
Ni03,39.45,0.005014
Ni03,39.55,0.006828
Ni03,39.650000000000006,0.008931
Ni03,39.75,0.011657333333333334
Ni03,39.85000000000001,0.014766666666666668
Ni03,39.95,0.018405666666666667
Ni03,40.05,0.022946333333333332
Ni03,40.150000000000006,0.027356666666666668
Ni03,40.25,0.03220733333333333
Ni03,40.35000000000001,0.037074
Ni03,40.45,0.04186033333333333
Ni03,40.55,0.04622366666666667
Ni03,40.650000000000006,0.05034333333333333
Ni03,40.75,0.053802
Ni03,40.85000000000001,0.056029
Ni03,40.95,0.056891333333333335
Ni03,41.05,0.057218333333333336
Ni03,41.150000000000006,0.05588566666666667
Ni03,41.25,0.053650666666666666
Ni03,41.35000000000001,0.05025966666666667
Ni03,41.45,0.046697333333333334
Ni03,41.55,0.04207933333333334
Ni03,41.650000000000006,0.036863
Ni03,41.75,0.03231333333333333
Ni03,41.85000000000001,0.027101
Ni03,41.95,0.022291
Ni03,42.05,0.018112
Ni03,42.150000000000006,0.014554
Ni03,42.25,0.011300666666666667
Ni03,42.35000000000001,0.008445333333333332
Ni03,42.45,0.006456333333333333
Ni03,42.55,0.004656
Ni03,42.650000000000006,0.003331666666666667
Ni03,42.75,0.0023476666666666667
Ni03,42.85000000000001,0.0016313333333333334
Ni03,42.95,0.0010786666666666666
Ni03,43.05,0.000691
Ni03,43.150000000000006,0.00045733333333333335
Ni03,43.25,0.000288
Ni03,43.35000000000001,0.000181
Ni03,43.45,0.00011233333333333333
Ni03,43.55,6.2e-05
Ni03,43.650000000000006,3.5333333333333336e-05
Ni03,43.75,2.0666666666666666e-05
Ni03,43.85000000000001,1.3e-05
Ni03,43.95,6.666666666666667e-06
Ni03,44.05,4.333333333333333e-06
Ni03,44.150000000000006,2e-06
Ni03,44.25,6.666666666666667e-07
Ni03,44.35000000000001,3.3333333333333335e-07
Sn03,36.85,3.3333333333333335e-07
Sn03,36.95,3.3333333333333335e-07
Sn03,37.05,0.0
Sn03,37.150000000000006,3.3333333333333335e-07
Sn03,37.25,3.3333333333333335e-07
Sn03,37.35,1.3333333333333334e-06
Sn03,37.45,1.6666666666666667e-06
Sn03,37.55,3e-06
Sn03,37.650000000000006,6.333333333333333e-06
Sn03,37.75,1.3333333333333333e-05
Sn03,37.85,2.3666666666666668e-05
Sn03,37.95,4.4e-05
Sn03,38.05,7.366666666666666e-05
Sn03,38.150000000000006,0.00010933333333333334
Sn03,38.25,0.00017433333333333333
Sn03,38.35000000000001,0.0002716666666666667
Sn03,38.45,0.00041033333333333335
Sn03,38.55,0.0006423333333333333
Sn03,38.650000000000006,0.000933
Sn03,38.75,0.0014116666666666668
Sn03,38.85000000000001,0.001977
Sn03,38.95,0.0028973333333333334
Sn03,39.05,0.003993
Sn03,39.150000000000006,0.0054143333333333335
Sn03,39.25,0.007326666666666667
Sn03,39.35000000000001,0.009474
Sn03,39.45,0.012312
Sn03,39.55,0.015431333333333333
Sn03,39.650000000000006,0.019309
Sn03,39.75,0.023353333333333334
Sn03,39.85000000000001,0.028130333333333334
Sn03,39.95,0.032336666666666666
Sn03,40.05,0.03777166666666667
Sn03,40.150000000000006,0.041904666666666666
Sn03,40.25,0.046339
Sn03,40.35000000000001,0.050443
Sn03,40.45,0.05303066666666666
Sn03,40.55,0.055392
Sn03,40.650000000000006,0.05622766666666667
Sn03,40.75,0.056436
Sn03,40.85000000000001,0.05493166666666666
Sn03,40.95,0.05266066666666667
Sn03,41.05,0.04941
Sn03,41.150000000000006,0.04587133333333333
Sn03,41.25,0.041543
Sn03,41.35000000000001,0.03634166666666667
Sn03,41.45,0.0319
Sn03,41.55,0.026801
Sn03,41.650000000000006,0.022273
Sn03,41.75,0.018039
Sn03,41.85000000000001,0.014571666666666667
Sn03,41.95,0.011372333333333333
Sn03,42.05,0.008606333333333334
Sn03,42.150000000000006,0.006525
Sn03,42.25,0.004796666666666667
Sn03,42.35000000000001,0.0034133333333333333
Sn03,42.45,0.0024676666666666666
Sn03,42.55,0.0016833333333333333
Sn03,42.650000000000006,0.001138
Sn03,42.75,0.0007446666666666667
Sn03,42.85000000000001,0.0005006666666666666
Sn03,42.95,0.0003046666666666667
Sn03,43.05,0.000196
Sn03,43.150000000000006,0.000116
Sn03,43.25,8e-05
Sn03,43.35000000000001,3.6666666666666666e-05
Sn03,43.45,2.4666666666666665e-05
Sn03,43.55,1.2666666666666667e-05
Sn03,43.650000000000006,8.666666666666666e-06
Sn03,43.75,6e-06
Sn03,43.85000000000001,1.3333333333333334e-06
Sn03,43.95,1.3333333333333334e-06
Sn03,44.05,0.0
Sn03,44.150000000000006,3.3333333333333335e-07
Ta03,36.55,3.3333333333333335e-07
Ta03,36.650000000000006,3.3333333333333335e-07
Ta03,36.75,0.0
Ta03,36.85,3.3333333333333335e-07
Ta03,36.95,0.0
Ta03,37.05,6.666666666666667e-07
Ta03,37.150000000000006,2.333333333333333e-06
Ta03,37.25,2e-06
Ta03,37.35,5.333333333333334e-06
Ta03,37.45,1.1e-05
Ta03,37.55,1.9333333333333333e-05
Ta03,37.650000000000006,3.9e-05
Ta03,37.75,6.733333333333333e-05
Ta03,37.85,0.000104
Ta03,37.95,0.00015833333333333332
Ta03,38.05,0.000246
Ta03,38.150000000000006,0.000367
Ta03,38.25,0.00057
Ta03,38.35000000000001,0.0008813333333333334
Ta03,38.45,0.0012996666666666666
Ta03,38.55,0.0018806666666666668
Ta03,38.650000000000006,0.0027126666666666666
Ta03,38.75,0.0037503333333333334
Ta03,38.85000000000001,0.005161666666666667
Ta03,38.95,0.006984
Ta03,39.05,0.009161
Ta03,39.150000000000006,0.011839666666666667
Ta03,39.25,0.014990666666666666
Ta03,39.35000000000001,0.018613666666666667
Ta03,39.45,0.023066333333333335
Ta03,39.55,0.027511333333333332
Ta03,39.650000000000006,0.03229233333333333
Ta03,39.75,0.03698066666666667
Ta03,39.85000000000001,0.04182533333333333
Ta03,39.95,0.046044
Ta03,40.05,0.05013566666666667
Ta03,40.150000000000006,0.05349
Ta03,40.25,0.055698
Ta03,40.35000000000001,0.05674133333333333
Ta03,40.45,0.05650666666666666
Ta03,40.55,0.055499
Ta03,40.650000000000006,0.053238
Ta03,40.75,0.049994666666666666
Ta03,40.85000000000001,0.04636966666666666
Ta03,40.95,0.041933
Ta03,41.05,0.03688166666666667
Ta03,41.150000000000006,0.03230366666666667
Ta03,41.25,0.027066333333333335
Ta03,41.35000000000001,0.022422
Ta03,41.45,0.018319666666666668
Ta03,41.55,0.014654666666666667
Ta03,41.650000000000006,0.011435
Ta03,41.75,0.008641333333333334
Ta03,41.85000000000001,0.006612666666666667
Ta03,41.95,0.004751666666666667
Ta03,42.05,0.003459
Ta03,42.150000000000006,0.002442
Ta03,42.25,0.0016813333333333333
Ta03,42.35000000000001,0.001129
Ta03,42.45,0.000744
Ta03,42.55,0.000476
Ta03,42.650000000000006,0.000307
Ta03,42.75,0.00019833333333333332
Ta03,42.85000000000001,0.000118
Ta03,42.95,7e-05
Ta03,43.05,3.933333333333333e-05
Ta03,43.150000000000006,2.1666666666666667e-05
Ta03,43.25,1.5e-05
Ta03,43.35000000000001,8.333333333333334e-06
Ta03,43.45,4e-06
Ta03,43.55,2.333333333333333e-06
Ta03,43.650000000000006,1e-06
Ta03,43.75,3.3333333333333335e-07
Cu03,36.25,3.3333333333333335e-07
Cu03,36.35,0.0
Cu03,36.45,3.3333333333333335e-07
Cu03,36.55,3.3333333333333335e-07
Cu03,36.650000000000006,0.0
Cu03,36.75,6.666666666666667e-07
Cu03,36.85,1e-06
Cu03,36.95,2.333333333333333e-06
Cu03,37.05,5e-06
Cu03,37.150000000000006,7e-06
Cu03,37.25,1.5666666666666667e-05
Cu03,37.35,2.9333333333333333e-05
Cu03,37.45,5.5333333333333334e-05
Cu03,37.55,8.466666666666666e-05
Cu03,37.650000000000006,0.00013033333333333332
Cu03,37.75,0.00020166666666666667
Cu03,37.85,0.000301
Cu03,37.95,0.00047566666666666666
Cu03,38.05,0.00073
Cu03,38.150000000000006,0.0010586666666666667
Cu03,38.25,0.0015683333333333333
Cu03,38.35000000000001,0.002266
Cu03,38.45,0.0031626666666666665
Cu03,38.55,0.004443
Cu03,38.650000000000006,0.0059886666666666664
Cu03,38.75,0.007944
Cu03,38.85000000000001,0.010377333333333334
Cu03,38.95,0.013225666666666667
Cu03,39.05,0.016595
Cu03,39.150000000000006,0.020612
Cu03,39.25,0.024934333333333333
Cu03,39.35000000000001,0.029426666666666667
Cu03,39.45,0.034299333333333334
Cu03,39.55,0.03884766666666667
Cu03,39.650000000000006,0.043575
Cu03,39.75,0.047522666666666664
Cu03,39.85000000000001,0.051207666666666665
Cu03,39.95,0.05412733333333333
Cu03,40.05,0.05598733333333333
Cu03,40.150000000000006,0.056833
Cu03,40.25,0.05593133333333333
Cu03,40.35000000000001,0.05430366666666667
Cu03,40.45,0.051674
Cu03,40.55,0.04822666666666667
Cu03,40.650000000000006,0.04450066666666667
Cu03,40.75,0.039995
Cu03,40.85000000000001,0.035152333333333334
Cu03,40.95,0.029928666666666666
Cu03,41.05,0.02526
Cu03,41.150000000000006,0.02086966666666667
Cu03,41.25,0.016799666666666668
Cu03,41.35000000000001,0.013382
Cu03,41.45,0.01043
Cu03,41.55,0.007863
Cu03,41.650000000000006,0.005876
Cu03,41.75,0.004301333333333333
Cu03,41.85000000000001,0.0030666666666666668
Cu03,41.95,0.002158666666666667
Cu03,42.05,0.0015093333333333332
Cu03,42.150000000000006,0.000997
Cu03,42.25,0.0006336666666666667
Cu03,42.35000000000001,0.000414
Cu03,42.45,0.000269
Cu03,42.55,0.00017066666666666668
Cu03,42.650000000000006,0.00010766666666666666
Cu03,42.75,5.766666666666667e-05
Cu03,42.85000000000001,3.0333333333333333e-05
Cu03,42.95,2.1666666666666667e-05
Cu03,43.05,1.2333333333333333e-05
Cu03,43.150000000000006,7e-06
Cu03,43.25,4.333333333333333e-06
Cu03,43.35000000000001,2.333333333333333e-06
Cu03,43.45,3.3333333333333335e-07
Cu03,43.55,3.3333333333333335e-07
Al_degrader_C5,32.25,1.1111111111111111e-07
Al_degrader_C5,32.35,0.0
Al_degrader_C5,32.45,0.0
Al_degrader_C5,32.55,0.0
Al_degrader_C5,32.650000000000006,0.0
Al_degrader_C5,32.75,0.0
Al_degrader_C5,32.85,3.3333333333333335e-07
Al_degrader_C5,32.95,5.555555555555555e-07
Al_degrader_C5,33.05,1.1111111111111111e-07
Al_degrader_C5,33.150000000000006,1.111111111111111e-06
Al_degrader_C5,33.25,1.2222222222222221e-06
Al_degrader_C5,33.35,3.4444444444444444e-06
Al_degrader_C5,33.45,6.111111111111111e-06
Al_degrader_C5,33.55,9.222222222222222e-06
Al_degrader_C5,33.650000000000006,1.4111111111111112e-05
Al_degrader_C5,33.75,2.0222222222222222e-05
Al_degrader_C5,33.85,2.8777777777777776e-05
Al_degrader_C5,33.95,4.6555555555555556e-05
Al_degrader_C5,34.05,6.88888888888889e-05
Al_degrader_C5,34.150000000000006,0.000101
Al_degrader_C5,34.25,0.0001541111111111111
Al_degrader_C5,34.35,0.00020633333333333333
Al_degrader_C5,34.45,0.00030055555555555554
Al_degrader_C5,34.55,0.0004076666666666667
Al_degrader_C5,34.650000000000006,0.0005831111111111111
Al_degrader_C5,34.75,0.0007744444444444445
Al_degrader_C5,34.85,0.001024111111111111
Al_degrader_C5,34.95,0.0013512222222222222
Al_degrader_C5,35.05,0.0017275555555555555
Al_degrader_C5,35.150000000000006,0.0022254444444444444
Al_degrader_C5,35.25,0.002783777777777778
Al_degrader_C5,35.35,0.0034222222222222223
Al_degrader_C5,35.45,0.004305
Al_degrader_C5,35.55,0.005072666666666666
Al_degrader_C5,35.650000000000006,0.006088444444444444
Al_degrader_C5,35.75,0.007056666666666667
Al_degrader_C5,35.85,0.008226666666666667
Al_degrader_C5,35.95,0.00953311111111111
Al_degrader_C5,36.05,0.010631555555555556
Al_degrader_C5,36.150000000000006,0.011919777777777777
Al_degrader_C5,36.25,0.013278333333333333
Al_degrader_C5,36.35,0.014508555555555556
Al_degrader_C5,36.45,0.015623
Al_degrader_C5,36.55,0.016769
Al_degrader_C5,36.650000000000006,0.017874888888888888
Al_degrader_C5,36.75,0.018783555555555557
Al_degrader_C5,36.85,0.019678555555555557
Al_degrader_C5,36.95,0.020493
Al_degrader_C5,37.05,0.021275666666666665
Al_degrader_C5,37.150000000000006,0.021786777777777776
Al_degrader_C5,37.25,0.02211188888888889
Al_degrader_C5,37.35,0.02263333333333333
Al_degrader_C5,37.45,0.023114555555555555
Al_degrader_C5,37.55,0.023226444444444445
Al_degrader_C5,37.650000000000006,0.023538444444444445
Al_degrader_C5,37.75,0.02366022222222222
Al_degrader_C5,37.85,0.02374277777777778
Al_degrader_C5,37.95,0.024018444444444443
Al_degrader_C5,38.05,0.024125777777777777
Al_degrader_C5,38.150000000000006,0.023945666666666667
Al_degrader_C5,38.25,0.024159333333333335
Al_degrader_C5,38.35000000000001,0.024214444444444445
Al_degrader_C5,38.45,0.024296222222222223
Al_degrader_C5,38.55,0.024286
Al_degrader_C5,38.650000000000006,0.024052333333333332
Al_degrader_C5,38.75,0.024162555555555555
Al_degrader_C5,38.85000000000001,0.024133111111111112
Al_degrader_C5,38.95,0.023816666666666667
Al_degrader_C5,39.05,0.023637111111111112
Al_degrader_C5,39.150000000000006,0.023294555555555554
Al_degrader_C5,39.25,0.022957111111111112
Al_degrader_C5,39.35000000000001,0.022484333333333332
Al_degrader_C5,39.45,0.02187577777777778
Al_degrader_C5,39.55,0.020937666666666667
Al_degrader_C5,39.650000000000006,0.02012011111111111
Al_degrader_C5,39.75,0.019262111111111112
Al_degrader_C5,39.85000000000001,0.017992666666666667
Al_degrader_C5,39.95,0.016778666666666667
Al_degrader_C5,40.05,0.015390555555555555
Al_degrader_C5,40.150000000000006,0.014198444444444444
Al_degrader_C5,40.25,0.012580444444444444
Al_degrader_C5,40.35000000000001,0.011158555555555555
Al_degrader_C5,40.45,0.009684777777777778
Al_degrader_C5,40.55,0.008350444444444445
Al_degrader_C5,40.650000000000006,0.007209333333333333
Al_degrader_C5,40.75,0.0059436666666666665
Al_degrader_C5,40.85000000000001,0.004778555555555556
Al_degrader_C5,40.95,0.003926777777777778
Al_degrader_C5,41.05,0.0030857777777777776
Al_degrader_C5,41.150000000000006,0.0024165555555555555
Al_degrader_C5,41.25,0.001806888888888889
Al_degrader_C5,41.35000000000001,0.0013975555555555555
Al_degrader_C5,41.45,0.001009888888888889
Al_degrader_C5,41.55,0.0007272222222222222
Al_degrader_C5,41.650000000000006,0.0005243333333333334
Al_degrader_C5,41.75,0.0003627777777777778
Al_degrader_C5,41.85000000000001,0.0002471111111111111
Al_degrader_C5,41.95,0.00016344444444444444
Al_degrader_C5,42.05,0.00011477777777777777
Al_degrader_C5,42.150000000000006,6.577777777777777e-05
Al_degrader_C5,42.25,4.111111111111111e-05
Al_degrader_C5,42.35000000000001,2.777777777777778e-05
Al_degrader_C5,42.45,1.9666666666666666e-05
Al_degrader_C5,42.55,8.888888888888888e-06
Al_degrader_C5,42.650000000000006,5.666666666666667e-06
Al_degrader_C5,42.75,3e-06
Al_degrader_C5,42.85000000000001,1.7777777777777777e-06
Al_degrader_C5,42.95,1.6666666666666667e-06
Al_degrader_C5,43.05,3.3333333333333335e-07
Al_degrader_C5,43.150000000000006,4.4444444444444444e-07
Al_degrader_C5,43.25,0.0
Al_degrader_C5,43.35000000000001,1.1111111111111111e-07
Ni04,31.950000000000003,3.3333333333333335e-07
Ni04,32.05,0.0
Ni04,32.150000000000006,3.3333333333333335e-07
Ni04,32.25,3.3333333333333335e-07
Ni04,32.35,0.0
Ni04,32.45,0.0
Ni04,32.55,1.3333333333333334e-06
Ni04,32.650000000000006,1.6666666666666667e-06
Ni04,32.75,2e-06
Ni04,32.85,4.333333333333333e-06
Ni04,32.95,8.666666666666666e-06
Ni04,33.05,1.5e-05
Ni04,33.150000000000006,2.7666666666666667e-05
Ni04,33.25,4.3666666666666666e-05
Ni04,33.35,6.9e-05
Ni04,33.45,0.00011233333333333333
Ni04,33.55,0.000153
Ni04,33.650000000000006,0.00023466666666666666
Ni04,33.75,0.00034
Ni04,33.85,0.000497
Ni04,33.95,0.0007523333333333334
Ni04,34.05,0.001063
Ni04,34.150000000000006,0.001483
Ni04,34.25,0.0021026666666666667
Ni04,34.35,0.0028366666666666666
Ni04,34.45,0.003898
Ni04,34.55,0.005059666666666666
Ni04,34.650000000000006,0.006765333333333333
Ni04,34.75,0.008534
Ni04,34.85,0.010796333333333333
Ni04,34.95,0.013382333333333333
Ni04,35.05,0.016394666666666665
Ni04,35.150000000000006,0.020015
Ni04,35.25,0.023625666666666666
Ni04,35.35,0.02740333333333333
Ni04,35.45,0.031621666666666666
Ni04,35.55,0.03548366666666666
Ni04,35.650000000000006,0.03942
Ni04,35.75,0.042866
Ni04,35.85,0.04617433333333333
Ni04,35.95,0.049086
Ni04,36.05,0.05092766666666667
Ni04,36.150000000000006,0.051504666666666664
Ni04,36.25,0.052249333333333335
Ni04,36.35,0.05127533333333333
Ni04,36.45,0.049638
Ni04,36.55,0.047226
Ni04,36.650000000000006,0.04427433333333333
Ni04,36.75,0.041174333333333334
Ni04,36.85,0.03726566666666667
Ni04,36.95,0.03290066666666667
Ni04,37.05,0.029079666666666667
Ni04,37.150000000000006,0.024769
Ni04,37.25,0.020710666666666665
Ni04,37.35,0.017249
Ni04,37.45,0.014195333333333334
Ni04,37.55,0.011205333333333333
Ni04,37.650000000000006,0.008863666666666667
Ni04,37.75,0.0068776666666666665
Ni04,37.85,0.005154666666666667
Ni04,37.95,0.0038783333333333335
Ni04,38.05,0.002836
Ni04,38.150000000000006,0.0020456666666666666
Ni04,38.25,0.001473
Ni04,38.35000000000001,0.0010013333333333332
Ni04,38.45,0.00067
Ni04,38.55,0.00047
Ni04,38.650000000000006,0.000293
Ni04,38.75,0.00019333333333333333
Ni04,38.85000000000001,0.00012633333333333333
Ni04,38.95,8.3e-05
Ni04,39.05,4.6e-05
Ni04,39.150000000000006,2.7333333333333335e-05
Ni04,39.25,1.4666666666666666e-05
Ni04,39.35000000000001,1.2666666666666667e-05
Ni04,39.45,6.333333333333333e-06
Ni04,39.55,4e-06
Ni04,39.650000000000006,1.6666666666666667e-06
Ni04,39.75,1e-06
Ni04,39.85000000000001,0.0
Ni04,39.95,3.3333333333333335e-07
Sn04,31.55,3.3333333333333335e-07
Sn04,31.650000000000002,0.0
Sn04,31.75,3.3333333333333335e-07
Sn04,31.85,0.0
Sn04,31.950000000000003,3.3333333333333335e-07
Sn04,32.05,3.3333333333333335e-07
Sn04,32.150000000000006,1.3333333333333334e-06
Sn04,32.25,1e-06
Sn04,32.35,2e-06
Sn04,32.45,4e-06
Sn04,32.55,7.666666666666667e-06
Sn04,32.650000000000006,1.5666666666666667e-05
Sn04,32.75,2.4333333333333333e-05
Sn04,32.85,4.3e-05
Sn04,32.95,6.233333333333334e-05
Sn04,33.05,9.533333333333334e-05
Sn04,33.150000000000006,0.00014166666666666668
Sn04,33.25,0.000207
Sn04,33.35,0.00031033333333333336
Sn04,33.45,0.00045233333333333334
Sn04,33.55,0.0006703333333333333
Sn04,33.650000000000006,0.0009466666666666666
Sn04,33.75,0.0013456666666666667
Sn04,33.85,0.0018436666666666666
Sn04,33.95,0.0025873333333333334
Sn04,34.05,0.0034246666666666666
Sn04,34.150000000000006,0.004591
Sn04,34.25,0.005975
Sn04,34.35,0.00769
Sn04,34.45,0.009761
Sn04,34.55,0.012076666666666666
Sn04,34.650000000000006,0.014878666666666667
Sn04,34.75,0.018179
Sn04,34.85,0.021407
Sn04,34.95,0.025413
Sn04,35.05,0.028822666666666667
Sn04,35.150000000000006,0.033363
Sn04,35.25,0.03666833333333333
Sn04,35.35,0.04060233333333333
Sn04,35.45,0.04365433333333334
Sn04,35.55,0.047066666666666666
Sn04,35.650000000000006,0.04878166666666667
Sn04,35.75,0.050639333333333335
Sn04,35.85,0.05108533333333334
Sn04,35.95,0.051253
Sn04,36.05,0.050042666666666666
Sn04,36.150000000000006,0.04800666666666667
Sn04,36.25,0.045815
Sn04,36.35,0.04288733333333333
Sn04,36.45,0.039138
Sn04,36.55,0.03547566666666667
Sn04,36.650000000000006,0.03136
Sn04,36.75,0.027552
Sn04,36.85,0.023461666666666665
Sn04,36.95,0.019685333333333332
Sn04,37.05,0.01621
Sn04,37.150000000000006,0.013359666666666667
Sn04,37.25,0.010588
Sn04,37.35,0.0084
Sn04,37.45,0.006463
Sn04,37.55,0.004915
Sn04,37.650000000000006,0.003687
Sn04,37.75,0.0026863333333333335
Sn04,37.85,0.0019366666666666666
Sn04,37.95,0.0013813333333333334
Sn04,38.05,0.000974
Sn04,38.150000000000006,0.0006336666666666667
Sn04,38.25,0.000454
Sn04,38.35000000000001,0.0002866666666666667
Sn04,38.45,0.00018866666666666665
Sn04,38.55,0.000121
Sn04,38.650000000000006,8.266666666666667e-05
Sn04,38.75,4.3e-05
Sn04,38.85000000000001,2.7666666666666667e-05
Sn04,38.95,1.6666666666666667e-05
Sn04,39.05,1.3e-05
Sn04,39.150000000000006,5e-06
Sn04,39.25,4e-06
Sn04,39.35000000000001,1.3333333333333334e-06
Sn04,39.45,1.3333333333333334e-06
Sn04,39.55,0.0
Sn04,39.650000000000006,3.3333333333333335e-07
Ta04,31.25,3.3333333333333335e-07
Ta04,31.35,0.0
Ta04,31.450000000000003,3.3333333333333335e-07
Ta04,31.55,3.3333333333333335e-07
Ta04,31.650000000000002,0.0
Ta04,31.75,0.0
Ta04,31.85,6.666666666666667e-07
Ta04,31.950000000000003,2.333333333333333e-06
Ta04,32.05,1.6666666666666667e-06
Ta04,32.150000000000006,5.666666666666667e-06
Ta04,32.25,6e-06
Ta04,32.35,1.3666666666666667e-05
Ta04,32.45,2.5333333333333334e-05
Ta04,32.55,4.433333333333333e-05
Ta04,32.650000000000006,6.666666666666667e-05
Ta04,32.75,0.00010666666666666667
Ta04,32.85,0.00014533333333333333
Ta04,32.95,0.000213
Ta04,33.05,0.00031066666666666666
Ta04,33.150000000000006,0.00046633333333333336
Ta04,33.25,0.0006906666666666667
Ta04,33.35,0.0009623333333333334
Ta04,33.45,0.0013943333333333334
Ta04,33.55,0.0018853333333333333
Ta04,33.650000000000006,0.0026663333333333335
Ta04,33.75,0.003553
Ta04,33.85,0.004707666666666666
Ta04,33.95,0.006192
Ta04,34.05,0.007886666666666667
Ta04,34.150000000000006,0.009978666666666667
Ta04,34.25,0.012509333333333334
Ta04,34.35,0.015273333333333333
Ta04,34.45,0.018679333333333333
Ta04,34.55,0.021903
Ta04,34.650000000000006,0.026041666666666668
Ta04,34.75,0.029789666666666666
Ta04,34.85,0.03370466666666667
Ta04,34.95,0.03766866666666667
Ta04,35.05,0.04121166666666667
Ta04,35.150000000000006,0.044601
Ta04,35.25,0.047593666666666666
Ta04,35.35,0.04922933333333333
Ta04,35.45,0.051117666666666665
Ta04,35.55,0.051860333333333335
Ta04,35.650000000000006,0.051068
Ta04,35.75,0.04986733333333333
Ta04,35.85,0.048074
Ta04,35.95,0.045343666666666664
Ta04,36.05,0.042423333333333334
Ta04,36.150000000000006,0.038435
Ta04,36.25,0.03501633333333333
Ta04,36.35,0.030875333333333334
Ta04,36.45,0.026459
Ta04,36.55,0.022627666666666667
Ta04,36.650000000000006,0.018975
Ta04,36.75,0.015574333333333334
Ta04,36.85,0.012721666666666666
Ta04,36.95,0.010053
Ta04,37.05,0.007821333333333333
Ta04,37.150000000000006,0.006118
Ta04,37.25,0.004559666666666667
Ta04,37.35,0.00339
Ta04,37.45,0.0025023333333333334
Ta04,37.55,0.0017776666666666668
Ta04,37.650000000000006,0.00127
Ta04,37.75,0.0008686666666666667
Ta04,37.85,0.0005743333333333334
Ta04,37.95,0.00038366666666666665
Ta04,38.05,0.00026366666666666666
Ta04,38.150000000000006,0.00017366666666666667
Ta04,38.25,0.00010966666666666667
Ta04,38.35000000000001,6.866666666666666e-05
Ta04,38.45,3.6666666666666666e-05
Ta04,38.55,2.3e-05
Ta04,38.650000000000006,1.4333333333333334e-05
Ta04,38.75,1e-05
Ta04,38.85000000000001,6e-06
Ta04,38.95,2.333333333333333e-06
Ta04,39.05,2.333333333333333e-06
Ta04,39.150000000000006,3.3333333333333335e-07
Ta04,39.25,3.3333333333333335e-07
Cu04,30.950000000000003,3.3333333333333335e-07
Cu04,31.05,0.0
Cu04,31.150000000000002,3.3333333333333335e-07
Cu04,31.25,3.3333333333333335e-07
Cu04,31.35,0.0
Cu04,31.450000000000003,0.0
Cu04,31.55,6.666666666666667e-07
Cu04,31.650000000000002,2.333333333333333e-06
Cu04,31.75,1.3333333333333334e-06
Cu04,31.85,4.666666666666666e-06
Cu04,31.950000000000003,7e-06
Cu04,32.05,1.1e-05
Cu04,32.150000000000006,2.6333333333333334e-05
Cu04,32.25,3.9666666666666664e-05
Cu04,32.35,6.366666666666666e-05
Cu04,32.45,9.833333333333333e-05
Cu04,32.55,0.00013666666666666666
Cu04,32.650000000000006,0.000195
Cu04,32.75,0.0002936666666666667
Cu04,32.85,0.0004353333333333333
Cu04,32.95,0.0006336666666666667
Cu04,33.05,0.0008943333333333334
Cu04,33.150000000000006,0.0013143333333333334
Cu04,33.25,0.001757
Cu04,33.35,0.002479
Cu04,33.45,0.0033053333333333333
Cu04,33.55,0.0043813333333333334
Cu04,33.650000000000006,0.005805
Cu04,33.75,0.007366666666666666
Cu04,33.85,0.009409
Cu04,33.95,0.011744
Cu04,34.05,0.014376666666666666
Cu04,34.150000000000006,0.017564
Cu04,34.25,0.020862666666666668
Cu04,34.35,0.024654
Cu04,34.45,0.028538
Cu04,34.55,0.03226366666666667
Cu04,34.650000000000006,0.03618533333333333
Cu04,34.75,0.039828
Cu04,34.85,0.04307966666666667
Cu04,34.95,0.046116333333333336
Cu04,35.05,0.048758
Cu04,35.150000000000006,0.05041
Cu04,35.25,0.051277
Cu04,35.35,0.050807333333333336
Cu04,35.45,0.05017566666666667
Cu04,35.55,0.04859033333333333
Cu04,35.650000000000006,0.04598233333333333
Cu04,35.75,0.042969
Cu04,35.85,0.04005333333333334
Cu04,35.95,0.036345666666666665
Cu04,36.05,0.032313666666666664
Cu04,36.150000000000006,0.027981333333333334
Cu04,36.25,0.024141
Cu04,36.35,0.020217
Cu04,36.45,0.016890333333333334
Cu04,36.55,0.013884
Cu04,36.650000000000006,0.011114666666666667
Cu04,36.75,0.008758
Cu04,36.85,0.006820333333333334
Cu04,36.95,0.005167333333333334
Cu04,37.05,0.003899
Cu04,37.150000000000006,0.002866333333333333
Cu04,37.25,0.0020956666666666667
Cu04,37.35,0.0015046666666666667
Cu04,37.45,0.001031
Cu04,37.55,0.0007066666666666666
Cu04,37.650000000000006,0.000487
Cu04,37.75,0.00031133333333333333
Cu04,37.85,0.00021033333333333334
Cu04,37.95,0.00014033333333333332
Cu04,38.05,8.9e-05
Cu04,38.150000000000006,4.933333333333333e-05
Cu04,38.25,2.9e-05
Cu04,38.35000000000001,2.1333333333333335e-05
Cu04,38.45,1.1666666666666666e-05
Cu04,38.55,8.333333333333334e-06
Cu04,38.650000000000006,4e-06
Cu04,38.75,2.333333333333333e-06
Cu04,38.85000000000001,1e-06
Cu04,38.95,3.3333333333333335e-07
Cu04,39.05,3.3333333333333335e-07
Al_degrader_E8_E1,28.650000000000002,1.6666666666666668e-07
Al_degrader_E8_E1,28.75,0.0
Al_degrader_E8_E1,28.85,0.0
Al_degrader_E8_E1,28.950000000000003,0.0
Al_degrader_E8_E1,29.05,0.0
Al_degrader_E8_E1,29.150000000000002,1.6666666666666668e-07
Al_degrader_E8_E1,29.25,3.3333333333333335e-07
Al_degrader_E8_E1,29.35,5e-07
Al_degrader_E8_E1,29.450000000000003,5e-07
Al_degrader_E8_E1,29.55,1e-06
Al_degrader_E8_E1,29.650000000000002,2.1666666666666665e-06
Al_degrader_E8_E1,29.75,3.3333333333333333e-06
Al_degrader_E8_E1,29.85,6.333333333333333e-06
Al_degrader_E8_E1,29.950000000000003,9.5e-06
Al_degrader_E8_E1,30.05,1.55e-05
Al_degrader_E8_E1,30.150000000000002,2.1e-05
Al_degrader_E8_E1,30.25,3.1333333333333334e-05
Al_degrader_E8_E1,30.35,4.5833333333333334e-05
Al_degrader_E8_E1,30.450000000000003,6.533333333333333e-05
Al_degrader_E8_E1,30.55,9.7e-05
Al_degrader_E8_E1,30.650000000000002,0.00014066666666666668
Al_degrader_E8_E1,30.75,0.0002045
Al_degrader_E8_E1,30.85,0.0002666666666666667
Al_degrader_E8_E1,30.950000000000003,0.00039316666666666666
Al_degrader_E8_E1,31.05,0.0005108333333333333
Al_degrader_E8_E1,31.150000000000002,0.0007305
Al_degrader_E8_E1,31.25,0.0009495
Al_degrader_E8_E1,31.35,0.0012613333333333333
Al_degrader_E8_E1,31.450000000000003,0.001623
Al_degrader_E8_E1,31.55,0.002112
Al_degrader_E8_E1,31.650000000000002,0.0026835
Al_degrader_E8_E1,31.75,0.003354666666666667
Al_degrader_E8_E1,31.85,0.0041725
Al_degrader_E8_E1,31.950000000000003,0.0050845
Al_degrader_E8_E1,32.05,0.0062868333333333335
Al_degrader_E8_E1,32.150000000000006,0.007417
Al_degrader_E8_E1,32.25,0.008870833333333333
Al_degrader_E8_E1,32.35,0.0102555
Al_degrader_E8_E1,32.45,0.012017166666666667
Al_degrader_E8_E1,32.55,0.013757
Al_degrader_E8_E1,32.650000000000006,0.0155135
Al_degrader_E8_E1,32.75,0.017420666666666668
Al_degrader_E8_E1,32.85,0.0192405
Al_degrader_E8_E1,32.95,0.021673666666666667
Al_degrader_E8_E1,33.05,0.0231545
Al_degrader_E8_E1,33.150000000000006,0.025104
Al_degrader_E8_E1,33.25,0.0267765
Al_degrader_E8_E1,33.35,0.028827333333333333
Al_degrader_E8_E1,33.45,0.030010833333333334
Al_degrader_E8_E1,33.55,0.03131966666666667
Al_degrader_E8_E1,33.650000000000006,0.032571166666666665
Al_degrader_E8_E1,33.75,0.034043333333333335
Al_degrader_E8_E1,33.85,0.034298666666666665
Al_degrader_E8_E1,33.95,0.03488366666666667
Al_degrader_E8_E1,34.05,0.0352465
Al_degrader_E8_E1,34.150000000000006,0.03578666666666667
Al_degrader_E8_E1,34.25,0.03533633333333333
Al_degrader_E8_E1,34.35,0.034950166666666664
Al_degrader_E8_E1,34.45,0.0344015
Al_degrader_E8_E1,34.55,0.03374033333333333
Al_degrader_E8_E1,34.650000000000006,0.032814166666666665
Al_degrader_E8_E1,34.75,0.031359333333333336
Al_degrader_E8_E1,34.85,0.029819333333333333
Al_degrader_E8_E1,34.95,0.028283
Al_degrader_E8_E1,35.05,0.026911166666666667
Al_degrader_E8_E1,35.150000000000006,0.0245815
Al_degrader_E8_E1,35.25,0.0225605
Al_degrader_E8_E1,35.35,0.020541833333333332
Al_degrader_E8_E1,35.45,0.018690333333333333
Al_degrader_E8_E1,35.55,0.016420833333333332
Al_degrader_E8_E1,35.650000000000006,0.014284333333333333
Al_degrader_E8_E1,35.75,0.012446166666666666
Al_degrader_E8_E1,35.85,0.010886833333333333
Al_degrader_E8_E1,35.95,0.009006666666666666
Al_degrader_E8_E1,36.05,0.00745
Al_degrader_E8_E1,36.150000000000006,0.006120833333333333
Al_degrader_E8_E1,36.25,0.005012
Al_degrader_E8_E1,36.35,0.003964666666666667
Al_degrader_E8_E1,36.45,0.003098333333333333
Al_degrader_E8_E1,36.55,0.0023868333333333333
Al_degrader_E8_E1,36.650000000000006,0.0018786666666666667
Al_degrader_E8_E1,36.75,0.00137
Al_degrader_E8_E1,36.85,0.001002
Al_degrader_E8_E1,36.95,0.0007506666666666666
Al_degrader_E8_E1,37.05,0.0005336666666666667
Al_degrader_E8_E1,37.150000000000006,0.0003695
Al_degrader_E8_E1,37.25,0.00025683333333333336
Al_degrader_E8_E1,37.35,0.0001825
Al_degrader_E8_E1,37.45,0.00011683333333333333
Al_degrader_E8_E1,37.55,7.333333333333333e-05
Al_degrader_E8_E1,37.650000000000006,4.966666666666667e-05
Al_degrader_E8_E1,37.75,3.5e-05
Al_degrader_E8_E1,37.85,2.1666666666666667e-05
Al_degrader_E8_E1,37.95,1.1833333333333334e-05
Al_degrader_E8_E1,38.05,7.333333333333333e-06
Al_degrader_E8_E1,38.150000000000006,4e-06
Al_degrader_E8_E1,38.25,2.8333333333333335e-06
Al_degrader_E8_E1,38.35000000000001,1.8333333333333333e-06
Al_degrader_E8_E1,38.45,8.333333333333333e-07
Al_degrader_E8_E1,38.55,1e-06
Al_degrader_E8_E1,38.650000000000006,0.0
Al_degrader_E8_E1,38.75,1.6666666666666668e-07
Ni05,28.25,3.3333333333333335e-07
Ni05,28.35,0.0
Ni05,28.450000000000003,3.3333333333333335e-07
Ni05,28.55,0.0
Ni05,28.650000000000002,3.3333333333333335e-07
Ni05,28.75,0.0
Ni05,28.85,3.3333333333333335e-07
Ni05,28.950000000000003,1.3333333333333334e-06
Ni05,29.05,1.6666666666666667e-06
Ni05,29.150000000000002,1.6666666666666667e-06
Ni05,29.25,4.333333333333333e-06
Ni05,29.35,6e-06
Ni05,29.450000000000003,1.1666666666666666e-05
Ni05,29.55,2.3e-05
Ni05,29.650000000000002,3.6666666666666666e-05
Ni05,29.75,5.3e-05
Ni05,29.85,7.833333333333333e-05
Ni05,29.950000000000003,0.00011366666666666666
Ni05,30.05,0.00016
Ni05,30.150000000000002,0.00023033333333333334
Ni05,30.25,0.0003243333333333333
Ni05,30.35,0.00047233333333333334
Ni05,30.450000000000003,0.000688
Ni05,30.55,0.0009193333333333333
Ni05,30.650000000000002,0.0013176666666666666
Ni05,30.75,0.001726
Ni05,30.85,0.0023973333333333333
Ni05,30.950000000000003,0.0031216666666666667
Ni05,31.05,0.004122333333333334
Ni05,31.150000000000002,0.005324
Ni05,31.25,0.0066823333333333335
Ni05,31.35,0.008427666666666667
Ni05,31.450000000000003,0.010405666666666667
Ni05,31.55,0.01268
Ni05,31.650000000000002,0.015257
Ni05,31.75,0.018395666666666668
Ni05,31.85,0.021467666666666666
Ni05,31.950000000000003,0.024800666666666665
Ni05,32.05,0.028046666666666668
Ni05,32.150000000000006,0.031773666666666665
Ni05,32.25,0.03507366666666667
Ni05,32.35,0.038317
Ni05,32.45,0.041125
Ni05,32.55,0.044235
Ni05,32.650000000000006,0.04566733333333333
Ni05,32.75,0.047636333333333336
Ni05,32.85,0.047966
Ni05,32.95,0.048581
Ni05,33.05,0.047599
Ni05,33.150000000000006,0.046211
Ni05,33.25,0.04426033333333333
Ni05,33.35,0.041803
Ni05,33.45,0.03928
Ni05,33.55,0.035564
Ni05,33.650000000000006,0.032491
Ni05,33.75,0.029016333333333335
Ni05,33.85,0.024948
Ni05,33.95,0.021603666666666667
Ni05,34.05,0.018289
Ni05,34.150000000000006,0.015198
Ni05,34.25,0.012765333333333333
Ni05,34.35,0.010145
Ni05,34.45,0.008133333333333333
Ni05,34.55,0.006445
Ni05,34.650000000000006,0.004914666666666667
Ni05,34.75,0.003795666666666667
Ni05,34.85,0.0028033333333333335
Ni05,34.95,0.002116
Ni05,35.05,0.0015293333333333333
Ni05,35.150000000000006,0.0010783333333333333
Ni05,35.25,0.000773
Ni05,35.35,0.000517
Ni05,35.45,0.0003573333333333333
Ni05,35.55,0.00024266666666666667
Ni05,35.650000000000006,0.000163
Ni05,35.75,0.00010766666666666666
Ni05,35.85,7.033333333333334e-05
Ni05,35.95,3.933333333333333e-05
Ni05,36.05,2.5666666666666666e-05
Ni05,36.150000000000006,1.4333333333333334e-05
Ni05,36.25,1.2e-05
Ni05,36.35,6.333333333333333e-06
Ni05,36.45,4e-06
Ni05,36.55,2e-06
Ni05,36.650000000000006,1e-06
Ni05,36.75,3.3333333333333335e-07
Ni05,36.85,3.3333333333333335e-07
Sn05,28.150000000000002,3.3333333333333335e-07
Sn05,28.25,6.666666666666667e-07
Sn05,28.35,0.0
Sn05,28.450000000000003,0.0
Sn05,28.55,0.0
Sn05,28.650000000000002,0.0
Sn05,28.75,3.3333333333333335e-07
Sn05,28.85,2.333333333333333e-06
Sn05,28.950000000000003,3.3333333333333333e-06
Sn05,29.05,2.666666666666667e-06
Sn05,29.150000000000002,5e-06
Sn05,29.25,9.666666666666667e-06
Sn05,29.35,1.633333333333333e-05
Sn05,29.450000000000003,3.633333333333333e-05
Sn05,29.55,5.3666666666666666e-05
Sn05,29.650000000000002,7.833333333333333e-05
Sn05,29.75,0.000111
Sn05,29.85,0.00015466666666666667
Sn05,29.950000000000003,0.000211
Sn05,30.05,0.0003066666666666667
Sn05,30.150000000000002,0.00044866666666666666
Sn05,30.25,0.000641
Sn05,30.35,0.000927
Sn05,30.450000000000003,0.0012506666666666666
Sn05,30.55,0.0017033333333333334
Sn05,30.650000000000002,0.002287
Sn05,30.75,0.0030903333333333334
Sn05,30.85,0.004033333333333333
Sn05,30.950000000000003,0.005227333333333333
Sn05,31.05,0.006658666666666667
Sn05,31.150000000000002,0.008367333333333333
Sn05,31.25,0.010257333333333334
Sn05,31.35,0.012654666666666666
Sn05,31.450000000000003,0.015272666666666667
Sn05,31.55,0.018071
Sn05,31.650000000000002,0.021643333333333334
Sn05,31.75,0.024996
Sn05,31.85,0.028289666666666668
Sn05,31.950000000000003,0.03179166666666667
Sn05,32.05,0.03501733333333333
Sn05,32.150000000000006,0.03871366666666667
Sn05,32.25,0.04164166666666667
Sn05,32.35,0.043979333333333336
Sn05,32.45,0.046038
Sn05,32.55,0.048815333333333336
Sn05,32.650000000000006,0.048145
Sn05,32.75,0.04849666666666667
Sn05,32.85,0.048128333333333335
Sn05,32.95,0.04643133333333333
Sn05,33.05,0.044483666666666664
Sn05,33.150000000000006,0.041758333333333335
Sn05,33.25,0.038793666666666664
Sn05,33.35,0.036089666666666666
Sn05,33.45,0.032807
Sn05,33.55,0.028514
Sn05,33.650000000000006,0.024746333333333332
Sn05,33.75,0.021280666666666666
Sn05,33.85,0.018072333333333333
Sn05,33.95,0.015158666666666668
Sn05,34.05,0.012393333333333333
Sn05,34.150000000000006,0.009877666666666667
Sn05,34.25,0.008044
Sn05,34.35,0.00619
Sn05,34.45,0.004732666666666666
Sn05,34.55,0.0036593333333333334
Sn05,34.650000000000006,0.0027036666666666667
Sn05,34.75,0.0020313333333333333
Sn05,34.85,0.001452
Sn05,34.95,0.0010156666666666667
Sn05,35.05,0.000741
Sn05,35.150000000000006,0.00048
Sn05,35.25,0.00032033333333333333
Sn05,35.35,0.00022333333333333333
Sn05,35.45,0.00016833333333333332
Sn05,35.55,0.00010133333333333333
Sn05,35.650000000000006,5.5333333333333334e-05
Sn05,35.75,3.7e-05
Sn05,35.85,1.9666666666666666e-05
Sn05,35.95,1.7e-05
Sn05,36.05,1e-05
Sn05,36.150000000000006,5.666666666666667e-06
Sn05,36.25,4.333333333333333e-06
Sn05,36.35,1.6666666666666667e-06
Sn05,36.45,3.3333333333333335e-07
Sn05,36.55,6.666666666666667e-07
Ta05,27.950000000000003,3.3333333333333335e-07
Ta05,28.05,3.3333333333333335e-07
Ta05,28.150000000000002,3.3333333333333335e-07
Ta05,28.25,0.0
Ta05,28.35,0.0
Ta05,28.450000000000003,3.3333333333333335e-07
Ta05,28.55,1e-06
Ta05,28.650000000000002,1.6666666666666667e-06
Ta05,28.75,1.6666666666666667e-06
Ta05,28.85,5.333333333333334e-06
Ta05,28.950000000000003,6.333333333333333e-06
Ta05,29.05,9.666666666666667e-06
Ta05,29.150000000000002,2.4e-05
Ta05,29.25,3.066666666666667e-05
Ta05,29.35,5.6666666666666664e-05
Ta05,29.450000000000003,7.9e-05
Ta05,29.55,0.000112
Ta05,29.650000000000002,0.000158
Ta05,29.75,0.000223
Ta05,29.85,0.000323
Ta05,29.950000000000003,0.000452
Ta05,30.05,0.0006696666666666667
Ta05,30.150000000000002,0.000893
Ta05,30.25,0.0012683333333333333
Ta05,30.35,0.0016866666666666666
Ta05,30.450000000000003,0.002324333333333333
Ta05,30.55,0.003010333333333333
Ta05,30.650000000000002,0.003976
Ta05,30.75,0.0051326666666666665
Ta05,30.85,0.006521666666666667
Ta05,30.950000000000003,0.00819
Ta05,31.05,0.010072
Ta05,31.150000000000002,0.012285333333333334
Ta05,31.25,0.014833
Ta05,31.35,0.017853333333333332
Ta05,31.450000000000003,0.020929333333333335
Ta05,31.55,0.024084666666666667
Ta05,31.650000000000002,0.027586333333333334
Ta05,31.75,0.030938
Ta05,31.85,0.034379
Ta05,31.950000000000003,0.037519666666666666
Ta05,32.05,0.040514
Ta05,32.150000000000006,0.0431
Ta05,32.25,0.045726666666666665
Ta05,32.35,0.04711666666666667
Ta05,32.45,0.047551333333333334
Ta05,32.55,0.048424
Ta05,32.650000000000006,0.047547
Ta05,32.75,0.04632033333333333
Ta05,32.85,0.044635666666666664
Ta05,32.95,0.042146333333333334
Ta05,33.05,0.0396
Ta05,33.150000000000006,0.036178
Ta05,33.25,0.03329466666666667
Ta05,33.35,0.02967
Ta05,33.45,0.025693
Ta05,33.55,0.022312333333333333
Ta05,33.650000000000006,0.018944666666666665
Ta05,33.75,0.015960333333333333
Ta05,33.85,0.013226666666666666
Ta05,33.95,0.010769
Ta05,34.05,0.008625333333333334
Ta05,34.150000000000006,0.0068256666666666665
Ta05,34.25,0.005291666666666667
Ta05,34.35,0.004043
Ta05,34.45,0.0030373333333333333
Ta05,34.55,0.0023123333333333333
Ta05,34.650000000000006,0.0016643333333333334
Ta05,34.75,0.0012133333333333334
Ta05,34.85,0.0008513333333333333
Ta05,34.95,0.000572
Ta05,35.05,0.00040533333333333334
Ta05,35.150000000000006,0.000274
Ta05,35.25,0.00018466666666666666
Ta05,35.35,0.00012366666666666667
Ta05,35.45,8.166666666666667e-05
Ta05,35.55,4.766666666666667e-05
Ta05,35.650000000000006,2.6333333333333334e-05
Ta05,35.75,2.0666666666666666e-05
Ta05,35.85,1.2333333333333333e-05
Ta05,35.95,8.333333333333334e-06
Ta05,36.05,5.333333333333334e-06
Ta05,36.150000000000006,1.6666666666666667e-06
Ta05,36.25,2e-06
Ta05,36.35,3.3333333333333335e-07
Ta05,36.45,3.3333333333333335e-07
Cu05,27.55,3.3333333333333335e-07
Cu05,27.650000000000002,0.0
Cu05,27.75,3.3333333333333335e-07
Cu05,27.85,0.0
Cu05,27.950000000000003,3.3333333333333335e-07
Cu05,28.05,0.0
Cu05,28.150000000000002,6.666666666666667e-07
Cu05,28.25,1e-06
Cu05,28.35,1.6666666666666667e-06
Cu05,28.450000000000003,2e-06
Cu05,28.55,4.666666666666666e-06
Cu05,28.650000000000002,6.666666666666667e-06
Cu05,28.75,1.2666666666666667e-05
Cu05,28.85,2.3333333333333332e-05
Cu05,28.950000000000003,3.6e-05
Cu05,29.05,5.5333333333333334e-05
Cu05,29.150000000000002,7.966666666666666e-05
Cu05,29.25,0.00011366666666666666
Cu05,29.35,0.000161
Cu05,29.450000000000003,0.00022533333333333333
Cu05,29.55,0.000322
Cu05,29.650000000000002,0.00045633333333333333
Cu05,29.75,0.0006763333333333334
Cu05,29.85,0.0008993333333333334
Cu05,29.950000000000003,0.0012633333333333333
Cu05,30.05,0.0016666666666666668
Cu05,30.150000000000002,0.0023073333333333335
Cu05,30.25,0.0029653333333333333
Cu05,30.35,0.003916
Cu05,30.450000000000003,0.005056666666666667
Cu05,30.55,0.006419333333333333
Cu05,30.650000000000002,0.008000333333333333
Cu05,30.75,0.009874
Cu05,30.85,0.012030333333333334
Cu05,30.950000000000003,0.014547
Cu05,31.05,0.01739
Cu05,31.150000000000002,0.020239666666666666
Cu05,31.25,0.023780666666666665
Cu05,31.35,0.026927666666666666
Cu05,31.450000000000003,0.030279666666666667
Cu05,31.55,0.033634333333333336
Cu05,31.650000000000002,0.036835
Cu05,31.75,0.03972133333333333
Cu05,31.85,0.04244666666666667
Cu05,31.950000000000003,0.044955666666666665
Cu05,32.05,0.046470333333333336
Cu05,32.150000000000006,0.047048
Cu05,32.25,0.048139
Cu05,32.35,0.04717966666666667
Cu05,32.45,0.04623766666666667
Cu05,32.55,0.044682
Cu05,32.650000000000006,0.04237766666666667
Cu05,32.75,0.03965866666666667
Cu05,32.85,0.037019333333333335
Cu05,32.95,0.033785
Cu05,33.05,0.030179333333333332
Cu05,33.150000000000006,0.026566666666666666
Cu05,33.25,0.023072
Cu05,33.35,0.019627
Cu05,33.45,0.016797
Cu05,33.55,0.013775333333333334
Cu05,33.650000000000006,0.011383
Cu05,33.75,0.009259666666666666
Cu05,33.85,0.007178
Cu05,33.95,0.005761
Cu05,34.05,0.004376333333333334
Cu05,34.150000000000006,0.0033486666666666665
Cu05,34.25,0.002528
Cu05,34.35,0.0018466666666666666
Cu05,34.45,0.001365
Cu05,34.55,0.0009473333333333333
Cu05,34.650000000000006,0.0006696666666666667
Cu05,34.75,0.000469
Cu05,34.85,0.00030533333333333335
Cu05,34.95,0.00021233333333333334
Cu05,35.05,0.000149
Cu05,35.150000000000006,9.866666666666666e-05
Cu05,35.25,5.7333333333333336e-05
Cu05,35.35,3.5333333333333336e-05
Cu05,35.45,2.2333333333333332e-05
Cu05,35.55,1.4333333333333334e-05
Cu05,35.650000000000006,1e-05
Cu05,35.75,5.333333333333334e-06
Cu05,35.85,4e-06
Cu05,35.95,2e-06
Cu05,36.05,6.666666666666667e-07
Cu05,36.150000000000006,3.3333333333333335e-07
Cu05,36.25,3.3333333333333335e-07
Al_degrader_E4_E3_E2,23.650000000000002,9.090909090909091e-08
Al_degrader_E4_E3_E2,23.75,0.0
Al_degrader_E4_E3_E2,23.85,0.0
Al_degrader_E4_E3_E2,23.950000000000003,0.0
Al_degrader_E4_E3_E2,24.05,9.090909090909091e-08
Al_degrader_E4_E3_E2,24.150000000000002,0.0
Al_degrader_E4_E3_E2,24.25,0.0
Al_degrader_E4_E3_E2,24.35,1.8181818181818183e-07
Al_degrader_E4_E3_E2,24.450000000000003,3.6363636363636366e-07
Al_degrader_E4_E3_E2,24.55,2.7272727272727274e-07
Al_degrader_E4_E3_E2,24.650000000000002,3.6363636363636366e-07
Al_degrader_E4_E3_E2,24.75,7.272727272727273e-07
Al_degrader_E4_E3_E2,24.85,1.3636363636363636e-06
Al_degrader_E4_E3_E2,24.950000000000003,2.2727272727272728e-06
Al_degrader_E4_E3_E2,25.05,3.818181818181818e-06
Al_degrader_E4_E3_E2,25.150000000000002,4.909090909090909e-06
Al_degrader_E4_E3_E2,25.25,8.272727272727272e-06
Al_degrader_E4_E3_E2,25.35,1.109090909090909e-05
Al_degrader_E4_E3_E2,25.450000000000003,1.6272727272727273e-05
Al_degrader_E4_E3_E2,25.55,2.0727272727272728e-05
Al_degrader_E4_E3_E2,25.650000000000002,2.9545454545454545e-05
Al_degrader_E4_E3_E2,25.75,4.109090909090909e-05
Al_degrader_E4_E3_E2,25.85,5.936363636363636e-05
Al_degrader_E4_E3_E2,25.950000000000003,7.863636363636364e-05
Al_degrader_E4_E3_E2,26.05,0.00011090909090909092
Al_degrader_E4_E3_E2,26.150000000000002,0.00014390909090909092
Al_degrader_E4_E3_E2,26.25,0.0001981818181818182
Al_degrader_E4_E3_E2,26.35,0.00026354545454545456
Al_degrader_E4_E3_E2,26.450000000000003,0.000344
Al_degrader_E4_E3_E2,26.55,0.00045627272727272726
Al_degrader_E4_E3_E2,26.650000000000002,0.0005804545454545455
Al_degrader_E4_E3_E2,26.75,0.0007488181818181818
Al_degrader_E4_E3_E2,26.85,0.0009457272727272728
Al_degrader_E4_E3_E2,26.950000000000003,0.0011981818181818183
Al_degrader_E4_E3_E2,27.05,0.0014714545454545455
Al_degrader_E4_E3_E2,27.150000000000002,0.001814090909090909
Al_degrader_E4_E3_E2,27.25,0.0022464545454545454
Al_degrader_E4_E3_E2,27.35,0.0026854545454545456
Al_degrader_E4_E3_E2,27.450000000000003,0.003220909090909091
Al_degrader_E4_E3_E2,27.55,0.0038884545454545456
Al_degrader_E4_E3_E2,27.650000000000002,0.004537454545454545
Al_degrader_E4_E3_E2,27.75,0.005294727272727273
Al_degrader_E4_E3_E2,27.85,0.006139090909090909
Al_degrader_E4_E3_E2,27.950000000000003,0.007023272727272727
Al_degrader_E4_E3_E2,28.05,0.007995545454545455
Al_degrader_E4_E3_E2,28.150000000000002,0.009004545454545454
Al_degrader_E4_E3_E2,28.25,0.010046
Al_degrader_E4_E3_E2,28.35,0.011208181818181819
Al_degrader_E4_E3_E2,28.450000000000003,0.012429454545454546
Al_degrader_E4_E3_E2,28.55,0.013399727272727273
Al_degrader_E4_E3_E2,28.650000000000002,0.014574909090909091
Al_degrader_E4_E3_E2,28.75,0.015724454545454545
Al_degrader_E4_E3_E2,28.85,0.016937
Al_degrader_E4_E3_E2,28.950000000000003,0.017827909090909092
Al_degrader_E4_E3_E2,29.05,0.01880709090909091
Al_degrader_E4_E3_E2,29.150000000000002,0.019834363636363636
Al_degrader_E4_E3_E2,29.25,0.020720909090909092
Al_degrader_E4_E3_E2,29.35,0.021431363636363637
Al_degrader_E4_E3_E2,29.450000000000003,0.02231990909090909
Al_degrader_E4_E3_E2,29.55,0.022983727272727274
Al_degrader_E4_E3_E2,29.650000000000002,0.023369363636363636
Al_degrader_E4_E3_E2,29.75,0.023985272727272727
Al_degrader_E4_E3_E2,29.85,0.024412
Al_degrader_E4_E3_E2,29.950000000000003,0.02481672727272727
Al_degrader_E4_E3_E2,30.05,0.02498518181818182
Al_degrader_E4_E3_E2,30.150000000000002,0.02542918181818182
Al_degrader_E4_E3_E2,30.25,0.025578545454545455
Al_degrader_E4_E3_E2,30.35,0.025579181818181817
Al_degrader_E4_E3_E2,30.450000000000003,0.025748272727272727
Al_degrader_E4_E3_E2,30.55,0.025826454545454545
Al_degrader_E4_E3_E2,30.650000000000002,0.025636454545454546
Al_degrader_E4_E3_E2,30.75,0.025543363636363635
Al_degrader_E4_E3_E2,30.85,0.025494363636363638
Al_degrader_E4_E3_E2,30.950000000000003,0.025233454545454545
Al_degrader_E4_E3_E2,31.05,0.024757
Al_degrader_E4_E3_E2,31.150000000000002,0.024573545454545456
Al_degrader_E4_E3_E2,31.25,0.024010272727272727
Al_degrader_E4_E3_E2,31.35,0.023272454545454544
Al_degrader_E4_E3_E2,31.450000000000003,0.022653909090909093
Al_degrader_E4_E3_E2,31.55,0.021865636363636365
Al_degrader_E4_E3_E2,31.650000000000002,0.021002363636363635
Al_degrader_E4_E3_E2,31.75,0.019899272727272727
Al_degrader_E4_E3_E2,31.85,0.018944909090909092
Al_degrader_E4_E3_E2,31.950000000000003,0.01775690909090909
Al_degrader_E4_E3_E2,32.05,0.01643527272727273
Al_degrader_E4_E3_E2,32.150000000000006,0.015328909090909091
Al_degrader_E4_E3_E2,32.25,0.013861818181818182
Al_degrader_E4_E3_E2,32.35,0.012587454545454546
Al_degrader_E4_E3_E2,32.45,0.011372363636363637
Al_degrader_E4_E3_E2,32.55,0.009979181818181818
Al_degrader_E4_E3_E2,32.650000000000006,0.008834636363636364
Al_degrader_E4_E3_E2,32.75,0.007616090909090909
Al_degrader_E4_E3_E2,32.85,0.006636
Al_degrader_E4_E3_E2,32.95,0.0055551818181818185
Al_degrader_E4_E3_E2,33.05,0.004662
Al_degrader_E4_E3_E2,33.150000000000006,0.0038605454545454546
Al_degrader_E4_E3_E2,33.25,0.003125818181818182
Al_degrader_E4_E3_E2,33.35,0.0025677272727272727
Al_degrader_E4_E3_E2,33.45,0.0020405454545454546
Al_degrader_E4_E3_E2,33.55,0.0015712727272727274
Al_degrader_E4_E3_E2,33.650000000000006,0.0012533636363636364
Al_degrader_E4_E3_E2,33.75,0.0009355454545454545
Al_degrader_E4_E3_E2,33.85,0.0007157272727272727
Al_degrader_E4_E3_E2,33.95,0.0005377272727272727
Al_degrader_E4_E3_E2,34.05,0.000384
Al_degrader_E4_E3_E2,34.150000000000006,0.00029154545454545454
Al_degrader_E4_E3_E2,34.25,0.00020172727272727272
Al_degrader_E4_E3_E2,34.35,0.00013927272727272727
Al_degrader_E4_E3_E2,34.45,0.00010172727272727273
Al_degrader_E4_E3_E2,34.55,6.581818181818182e-05
Al_degrader_E4_E3_E2,34.650000000000006,4.436363636363636e-05
Al_degrader_E4_E3_E2,34.75,2.9272727272727274e-05
Al_degrader_E4_E3_E2,34.85,2.118181818181818e-05
Al_degrader_E4_E3_E2,34.95,1.3454545454545455e-05
Al_degrader_E4_E3_E2,35.05,7.363636363636364e-06
Al_degrader_E4_E3_E2,35.150000000000006,5.636363636363636e-06
Al_degrader_E4_E3_E2,35.25,2.2727272727272728e-06
Al_degrader_E4_E3_E2,35.35,2.4545454545454544e-06
Al_degrader_E4_E3_E2,35.45,1.2727272727272728e-06
Al_degrader_E4_E3_E2,35.55,6.363636363636364e-07
Al_degrader_E4_E3_E2,35.650000000000006,4.545454545454545e-07
Al_degrader_E4_E3_E2,35.75,2.7272727272727274e-07
Al_degrader_E4_E3_E2,35.85,0.0
Al_degrader_E4_E3_E2,35.95,9.090909090909091e-08
Ni06,23.25,3.3333333333333335e-07
Ni06,23.35,0.0
Ni06,23.450000000000003,3.3333333333333335e-07
Ni06,23.55,0.0
Ni06,23.650000000000002,3.3333333333333335e-07
Ni06,23.75,0.0
Ni06,23.85,0.0
Ni06,23.950000000000003,6.666666666666667e-07
Ni06,24.05,1e-06
Ni06,24.150000000000002,1.6666666666666667e-06
Ni06,24.25,1.6666666666666667e-06
Ni06,24.35,4.333333333333333e-06
Ni06,24.450000000000003,5e-06
Ni06,24.55,1e-05
Ni06,24.650000000000002,1.633333333333333e-05
Ni06,24.75,2.5e-05
Ni06,24.85,3.7e-05
Ni06,24.950000000000003,5.5e-05
Ni06,25.05,7.533333333333334e-05
Ni06,25.150000000000002,0.00010433333333333334
Ni06,25.25,0.00013333333333333334
Ni06,25.35,0.00019666666666666666
Ni06,25.450000000000003,0.00025966666666666667
Ni06,25.55,0.00035966666666666666
Ni06,25.650000000000002,0.00049
Ni06,25.75,0.0006673333333333334
Ni06,25.85,0.0008963333333333333
Ni06,25.950000000000003,0.001167
Ni06,26.05,0.0015303333333333334
Ni06,26.150000000000002,0.0020416666666666665
Ni06,26.25,0.0025123333333333334
Ni06,26.35,0.003340333333333333
Ni06,26.450000000000003,0.004074
Ni06,26.55,0.005201666666666667
Ni06,26.650000000000002,0.006305333333333333
Ni06,26.75,0.0077016666666666666
Ni06,26.85,0.009306666666666666
Ni06,26.950000000000003,0.011070333333333333
Ni06,27.05,0.013090333333333334
Ni06,27.150000000000002,0.015453
Ni06,27.25,0.017802
Ni06,27.35,0.020446
Ni06,27.450000000000003,0.023091333333333332
Ni06,27.55,0.025912
Ni06,27.650000000000002,0.028627666666666666
Ni06,27.75,0.031267333333333334
Ni06,27.85,0.033937
Ni06,27.950000000000003,0.036232
Ni06,28.05,0.038404
Ni06,28.150000000000002,0.040617
Ni06,28.25,0.04143733333333333
Ni06,28.35,0.04292233333333333
Ni06,28.450000000000003,0.043604
Ni06,28.55,0.04283633333333333
Ni06,28.650000000000002,0.04261
Ni06,28.75,0.041537
Ni06,28.85,0.039934333333333336
Ni06,28.950000000000003,0.038087
Ni06,29.05,0.036105333333333336
Ni06,29.150000000000002,0.03329666666666667
Ni06,29.25,0.031007
Ni06,29.35,0.027798666666666666
Ni06,29.450000000000003,0.025404666666666666
Ni06,29.55,0.021951666666666668
Ni06,29.650000000000002,0.019326666666666666
Ni06,29.75,0.016613666666666665
Ni06,29.85,0.014144666666666666
Ni06,29.950000000000003,0.011976
Ni06,30.05,0.009957666666666667
Ni06,30.150000000000002,0.008217666666666667
Ni06,30.25,0.006501666666666667
Ni06,30.35,0.005353666666666666
Ni06,30.450000000000003,0.004137666666666667
Ni06,30.55,0.0032786666666666667
Ni06,30.650000000000002,0.002492
Ni06,30.75,0.001923
Ni06,30.85,0.0014193333333333334
Ni06,30.950000000000003,0.0010743333333333334
Ni06,31.05,0.0007823333333333333
Ni06,31.150000000000002,0.000533
Ni06,31.25,0.000404
Ni06,31.35,0.0002716666666666667
Ni06,31.450000000000003,0.000189
Ni06,31.55,0.00013933333333333332
Ni06,31.650000000000002,9.166666666666667e-05
Ni06,31.75,6.233333333333334e-05
Ni06,31.85,3.6666666666666666e-05
Ni06,31.950000000000003,2.2333333333333332e-05
Ni06,32.05,1.8e-05
Ni06,32.150000000000006,1e-05
Ni06,32.25,8e-06
Ni06,32.35,4.666666666666666e-06
Ni06,32.45,2.666666666666667e-06
Ni06,32.55,1.6666666666666667e-06
Ni06,32.650000000000006,1e-06
Ni06,32.75,0.0
Ni06,32.85,3.3333333333333335e-07
Sn06,23.150000000000002,6.666666666666667e-07
Sn06,23.25,3.3333333333333335e-07
Sn06,23.35,0.0
Sn06,23.450000000000003,0.0
Sn06,23.55,0.0
Sn06,23.650000000000002,0.0
Sn06,23.75,0.0
Sn06,23.85,1.3333333333333334e-06
Sn06,23.950000000000003,2.666666666666667e-06
Sn06,24.05,3e-06
Sn06,24.150000000000002,2.333333333333333e-06
Sn06,24.25,4.666666666666666e-06
Sn06,24.35,9.333333333333333e-06
Sn06,24.450000000000003,1.5666666666666667e-05
Sn06,24.55,2.7666666666666667e-05
Sn06,24.650000000000002,4.133333333333333e-05
Sn06,24.75,5.633333333333333e-05
Sn06,24.85,8.133333333333334e-05
Sn06,24.950000000000003,0.000105
Sn06,25.05,0.000145
Sn06,25.150000000000002,0.00018933333333333335
Sn06,25.25,0.00026
Sn06,25.35,0.000372
Sn06,25.450000000000003,0.0005066666666666667
Sn06,25.55,0.0006793333333333333
Sn06,25.650000000000002,0.0009476666666666666
Sn06,25.75,0.001211
Sn06,25.85,0.0016073333333333332
Sn06,25.950000000000003,0.002018
Sn06,26.05,0.002681666666666667
Sn06,26.150000000000002,0.003435
Sn06,26.25,0.004234333333333333
Sn06,26.35,0.005334333333333333
Sn06,26.450000000000003,0.006536666666666666
Sn06,26.55,0.008002666666666667
Sn06,26.650000000000002,0.009539333333333334
Sn06,26.75,0.011446333333333333
Sn06,26.85,0.013534
Sn06,26.950000000000003,0.015737666666666667
Sn06,27.05,0.018315
Sn06,27.150000000000002,0.021342
Sn06,27.25,0.023670666666666666
Sn06,27.35,0.026558
Sn06,27.450000000000003,0.029122666666666668
Sn06,27.55,0.03188266666666666
Sn06,27.650000000000002,0.034759
Sn06,27.75,0.03694666666666667
Sn06,27.85,0.038948666666666666
Sn06,27.950000000000003,0.040704333333333335
Sn06,28.05,0.042847666666666666
Sn06,28.150000000000002,0.04320366666666667
Sn06,28.25,0.043171666666666664
Sn06,28.35,0.043345
Sn06,28.450000000000003,0.04275
Sn06,28.55,0.04128866666666667
Sn06,28.650000000000002,0.03973666666666667
Sn06,28.75,0.037671333333333334
Sn06,28.85,0.035172
Sn06,28.950000000000003,0.033199
Sn06,29.05,0.030817666666666667
Sn06,29.150000000000002,0.027180666666666665
Sn06,29.25,0.024274333333333332
Sn06,29.35,0.021301333333333332
Sn06,29.450000000000003,0.018507333333333334
Sn06,29.55,0.015963
Sn06,29.650000000000002,0.013629666666666667
Sn06,29.75,0.011399
Sn06,29.85,0.009207666666666666
Sn06,29.950000000000003,0.0077543333333333336
Sn06,30.05,0.006251666666666667
Sn06,30.150000000000002,0.004857
Sn06,30.25,0.0038406666666666667
Sn06,30.35,0.0030256666666666665
Sn06,30.450000000000003,0.0022893333333333333
Sn06,30.55,0.001777
Sn06,30.650000000000002,0.0012923333333333333
Sn06,30.75,0.000945
Sn06,30.85,0.000711
Sn06,30.950000000000003,0.000483
Sn06,31.05,0.000333
Sn06,31.150000000000002,0.00023233333333333333
Sn06,31.25,0.00017633333333333333
Sn06,31.35,0.00013266666666666667
Sn06,31.450000000000003,7.533333333333334e-05
Sn06,31.55,4.766666666666667e-05
Sn06,31.650000000000002,3.2e-05
Sn06,31.75,1.7e-05
Sn06,31.85,1.6666666666666667e-05
Sn06,31.950000000000003,9.333333333333333e-06
Sn06,32.05,6.666666666666667e-06
Sn06,32.150000000000006,3.3333333333333333e-06
Sn06,32.25,3.3333333333333333e-06
Sn06,32.35,3.3333333333333335e-07
Sn06,32.45,6.666666666666667e-07
Sn06,32.55,3.3333333333333335e-07
Ta06,22.75,3.3333333333333335e-07
Ta06,22.85,0.0
Ta06,22.950000000000003,3.3333333333333335e-07
Ta06,23.05,0.0
Ta06,23.150000000000002,3.3333333333333335e-07
Ta06,23.25,0.0
Ta06,23.35,0.0
Ta06,23.450000000000003,6.666666666666667e-07
Ta06,23.55,1e-06
Ta06,23.650000000000002,1.3333333333333334e-06
Ta06,23.75,1.3333333333333334e-06
Ta06,23.85,3.3333333333333333e-06
Ta06,23.950000000000003,4.333333333333333e-06
Ta06,24.05,8e-06
Ta06,24.150000000000002,1.2333333333333333e-05
Ta06,24.25,2.1333333333333335e-05
Ta06,24.35,2.7666666666666667e-05
Ta06,24.450000000000003,4.9e-05
Ta06,24.55,6.3e-05
Ta06,24.650000000000002,9.266666666666666e-05
Ta06,24.75,0.000115
Ta06,24.85,0.00015533333333333333
Ta06,24.950000000000003,0.00021533333333333333
Ta06,25.05,0.00030166666666666666
Ta06,25.150000000000002,0.000402
Ta06,25.25,0.00056
Ta06,25.35,0.0007376666666666666
Ta06,25.450000000000003,0.0010056666666666666
Ta06,25.55,0.0012896666666666666
Ta06,25.650000000000002,0.0016853333333333334
Ta06,25.75,0.00222
Ta06,25.85,0.002794333333333333
Ta06,25.950000000000003,0.003525
Ta06,26.05,0.004458
Ta06,26.150000000000002,0.005488666666666667
Ta06,26.25,0.0067083333333333335
Ta06,26.35,0.008126
Ta06,26.450000000000003,0.009811
Ta06,26.55,0.011567666666666667
Ta06,26.650000000000002,0.013615333333333333
Ta06,26.75,0.016070333333333332
Ta06,26.85,0.018322
Ta06,26.950000000000003,0.021121666666666667
Ta06,27.05,0.023767666666666666
Ta06,27.150000000000002,0.026344666666666666
Ta06,27.25,0.029017666666666667
Ta06,27.35,0.031753666666666666
Ta06,27.450000000000003,0.034192
Ta06,27.55,0.036581333333333334
Ta06,27.650000000000002,0.038475
Ta06,27.75,0.040671
Ta06,27.85,0.04185933333333333
Ta06,27.950000000000003,0.042198
Ta06,28.05,0.043346333333333334
Ta06,28.150000000000002,0.04251733333333333
Ta06,28.25,0.042146333333333334
Ta06,28.35,0.041067
Ta06,28.450000000000003,0.039224666666666665
Ta06,28.55,0.037447
Ta06,28.650000000000002,0.035315
Ta06,28.75,0.03293533333333333
Ta06,28.85,0.030414333333333335
Ta06,28.950000000000003,0.027586666666666666
Ta06,29.05,0.024454666666666666
Ta06,29.150000000000002,0.021499666666666667
Ta06,29.25,0.018859333333333332
Ta06,29.35,0.016270333333333335
Ta06,29.450000000000003,0.013804666666666666
Ta06,29.55,0.011739333333333333
Ta06,29.650000000000002,0.009713333333333333
Ta06,29.75,0.007988333333333333
Ta06,29.85,0.006360666666666666
Ta06,29.950000000000003,0.005245
Ta06,30.05,0.004057333333333333
Ta06,30.150000000000002,0.0031866666666666666
Ta06,30.25,0.0024673333333333335
Ta06,30.35,0.0018786666666666667
Ta06,30.450000000000003,0.0014233333333333333
Ta06,30.55,0.0010536666666666667
Ta06,30.650000000000002,0.0007626666666666667
Ta06,30.75,0.0005373333333333333
Ta06,30.85,0.00039766666666666667
Ta06,30.950000000000003,0.0002646666666666667
Ta06,31.05,0.00019033333333333334
Ta06,31.150000000000002,0.00014266666666666667
Ta06,31.25,9.266666666666666e-05
Ta06,31.35,6e-05
Ta06,31.450000000000003,3.5e-05
Ta06,31.55,2.5333333333333334e-05
Ta06,31.650000000000002,1.633333333333333e-05
Ta06,31.75,1.1e-05
Ta06,31.85,8.333333333333334e-06
Ta06,31.950000000000003,4.666666666666666e-06
Ta06,32.05,2.666666666666667e-06
Ta06,32.150000000000006,1.6666666666666667e-06
Ta06,32.25,6.666666666666667e-07
Ta06,32.35,3.3333333333333335e-07
Ta06,32.45,3.3333333333333335e-07
Cu06,22.35,3.3333333333333335e-07
Cu06,22.450000000000003,0.0
Cu06,22.55,3.3333333333333335e-07
Cu06,22.650000000000002,0.0
Cu06,22.75,3.3333333333333335e-07
Cu06,22.85,0.0
Cu06,22.950000000000003,0.0
Cu06,23.05,3.3333333333333335e-07
Cu06,23.150000000000002,6.666666666666667e-07
Cu06,23.25,1.6666666666666667e-06
Cu06,23.35,1.3333333333333334e-06
Cu06,23.450000000000003,3e-06
Cu06,23.55,3.3333333333333333e-06
Cu06,23.650000000000002,6e-06
Cu06,23.75,9.333333333333333e-06
Cu06,23.85,1.7333333333333332e-05
Cu06,23.950000000000003,2.4666666666666665e-05
Cu06,24.05,3.9666666666666664e-05
Cu06,24.150000000000002,5.1666666666666664e-05
Cu06,24.25,7.9e-05
Cu06,24.35,9.933333333333334e-05
Cu06,24.450000000000003,0.00013433333333333334
Cu06,24.55,0.00018433333333333333
Cu06,24.650000000000002,0.000252
Cu06,24.75,0.000343
Cu06,24.85,0.00045933333333333335
Cu06,24.950000000000003,0.0006336666666666667
Cu06,25.05,0.0008263333333333333
Cu06,25.150000000000002,0.001124
Cu06,25.25,0.001411
Cu06,25.35,0.0018933333333333332
Cu06,25.450000000000003,0.002341
Cu06,25.55,0.0030783333333333335
Cu06,25.650000000000002,0.003775
Cu06,25.75,0.004791666666666666
Cu06,25.85,0.0057873333333333336
Cu06,25.950000000000003,0.007119
Cu06,26.05,0.008504
Cu06,26.150000000000002,0.010215666666666666
Cu06,26.25,0.012089333333333334
Cu06,26.35,0.014016
Cu06,26.450000000000003,0.016647666666666668
Cu06,26.55,0.018961
Cu06,26.650000000000002,0.02143
Cu06,26.75,0.024067666666666668
Cu06,26.85,0.026788
Cu06,26.950000000000003,0.029285333333333333
Cu06,27.05,0.03196266666666667
Cu06,27.150000000000002,0.034305666666666665
Cu06,27.25,0.03660833333333333
Cu06,27.35,0.038433
Cu06,27.450000000000003,0.04039966666666667
Cu06,27.55,0.041717
Cu06,27.650000000000002,0.04181666666666667
Cu06,27.75,0.042944666666666666
Cu06,27.85,0.042063666666666666
Cu06,27.950000000000003,0.041578
Cu06,28.05,0.04057
Cu06,28.150000000000002,0.038621666666666665
Cu06,28.25,0.03687466666666667
Cu06,28.35,0.035052
Cu06,28.450000000000003,0.03212966666666667
Cu06,28.55,0.029993
Cu06,28.650000000000002,0.026813
Cu06,28.75,0.024432333333333334
Cu06,28.85,0.021210666666666666
Cu06,28.950000000000003,0.018571333333333332
Cu06,29.05,0.016106666666666665
Cu06,29.150000000000002,0.013637
Cu06,29.25,0.011641
Cu06,29.35,0.009624
Cu06,29.450000000000003,0.007996
Cu06,29.55,0.006345
Cu06,29.650000000000002,0.00525
Cu06,29.75,0.004061
Cu06,29.85,0.0032156666666666666
Cu06,29.950000000000003,0.002477333333333333
Cu06,30.05,0.001908
Cu06,30.150000000000002,0.0014253333333333334
Cu06,30.25,0.001079
Cu06,30.35,0.0007766666666666667
Cu06,30.450000000000003,0.0005536666666666667
Cu06,30.55,0.0004113333333333333
Cu06,30.650000000000002,0.00027466666666666666
Cu06,30.75,0.00020233333333333334
Cu06,30.85,0.00014433333333333334
Cu06,30.950000000000003,9.6e-05
Cu06,31.05,6.533333333333333e-05
Cu06,31.150000000000002,4.0333333333333336e-05
Cu06,31.25,2.4333333333333333e-05
Cu06,31.35,1.9e-05
Cu06,31.450000000000003,1.1e-05
Cu06,31.55,8.666666666666666e-06
Cu06,31.650000000000002,4.666666666666666e-06
Cu06,31.75,4e-06
Cu06,31.85,1.6666666666666667e-06
Cu06,31.950000000000003,1e-06
Cu06,32.05,3.3333333333333335e-07
Cu06,32.150000000000006,3.3333333333333335e-07
Al_degrader_E7_E6_E5,17.65,7.142857142857142e-08
Al_degrader_E7_E6_E5,17.75,0.0
Al_degrader_E7_E6_E5,17.85,0.0
Al_degrader_E7_E6_E5,17.950000000000003,0.0
Al_degrader_E7_E6_E5,18.05,7.142857142857142e-08
Al_degrader_E7_E6_E5,18.15,0.0
Al_degrader_E7_E6_E5,18.25,0.0
Al_degrader_E7_E6_E5,18.35,0.0
Al_degrader_E7_E6_E5,18.450000000000003,2.1428571428571428e-07
Al_degrader_E7_E6_E5,18.55,1.4285714285714285e-07
Al_degrader_E7_E6_E5,18.65,2.1428571428571428e-07
Al_degrader_E7_E6_E5,18.75,1.4285714285714285e-07
Al_degrader_E7_E6_E5,18.85,2.857142857142857e-07
Al_degrader_E7_E6_E5,18.950000000000003,7.142857142857143e-07
Al_degrader_E7_E6_E5,19.05,6.428571428571429e-07
Al_degrader_E7_E6_E5,19.150000000000002,8.571428571428571e-07
Al_degrader_E7_E6_E5,19.25,1.5e-06
Al_degrader_E7_E6_E5,19.35,2.785714285714286e-06
Al_degrader_E7_E6_E5,19.450000000000003,3.6428571428571428e-06
Al_degrader_E7_E6_E5,19.55,4.785714285714286e-06
Al_degrader_E7_E6_E5,19.650000000000002,6.357142857142857e-06
Al_degrader_E7_E6_E5,19.75,8.92857142857143e-06
Al_degrader_E7_E6_E5,19.85,1.1428571428571429e-05
Al_degrader_E7_E6_E5,19.950000000000003,1.5285714285714286e-05
Al_degrader_E7_E6_E5,20.05,1.992857142857143e-05
Al_degrader_E7_E6_E5,20.150000000000002,2.5714285714285714e-05
Al_degrader_E7_E6_E5,20.25,3.564285714285714e-05
Al_degrader_E7_E6_E5,20.35,4.5e-05
Al_degrader_E7_E6_E5,20.450000000000003,5.964285714285714e-05
Al_degrader_E7_E6_E5,20.55,7.742857142857143e-05
Al_degrader_E7_E6_E5,20.650000000000002,0.0001015
Al_degrader_E7_E6_E5,20.75,0.00012785714285714286
Al_degrader_E7_E6_E5,20.85,0.00016457142857142858
Al_degrader_E7_E6_E5,20.950000000000003,0.0002127857142857143
Al_degrader_E7_E6_E5,21.05,0.00025542857142857143
Al_degrader_E7_E6_E5,21.150000000000002,0.00034492857142857144
Al_degrader_E7_E6_E5,21.25,0.00041364285714285716
Al_degrader_E7_E6_E5,21.35,0.0005074285714285714
Al_degrader_E7_E6_E5,21.450000000000003,0.000644
Al_degrader_E7_E6_E5,21.55,0.0007695
Al_degrader_E7_E6_E5,21.650000000000002,0.0009488571428571429
Al_degrader_E7_E6_E5,21.75,0.0011302857142857143
Al_degrader_E7_E6_E5,21.85,0.0013682142857142858
Al_degrader_E7_E6_E5,21.950000000000003,0.001637
Al_degrader_E7_E6_E5,22.05,0.0019142142857142858
Al_degrader_E7_E6_E5,22.150000000000002,0.0022785714285714284
Al_degrader_E7_E6_E5,22.25,0.002645357142857143
Al_degrader_E7_E6_E5,22.35,0.0031314285714285715
Al_degrader_E7_E6_E5,22.450000000000003,0.003560214285714286
Al_degrader_E7_E6_E5,22.55,0.004079357142857143
Al_degrader_E7_E6_E5,22.650000000000002,0.004736
Al_degrader_E7_E6_E5,22.75,0.005271071428571429
Al_degrader_E7_E6_E5,22.85,0.005955857142857143
Al_degrader_E7_E6_E5,22.950000000000003,0.006762
Al_degrader_E7_E6_E5,23.05,0.0074025714285714285
Al_degrader_E7_E6_E5,23.150000000000002,0.008204928571428571
Al_degrader_E7_E6_E5,23.25,0.00904892857142857
Al_degrader_E7_E6_E5,23.35,0.009898
Al_degrader_E7_E6_E5,23.450000000000003,0.010810857142857143
Al_degrader_E7_E6_E5,23.55,0.011562642857142856
Al_degrader_E7_E6_E5,23.650000000000002,0.012527142857142856
Al_degrader_E7_E6_E5,23.75,0.01341842857142857
Al_degrader_E7_E6_E5,23.85,0.01418
Al_degrader_E7_E6_E5,23.950000000000003,0.015098785714285714
Al_degrader_E7_E6_E5,24.05,0.015891357142857145
Al_degrader_E7_E6_E5,24.150000000000002,0.016619
Al_degrader_E7_E6_E5,24.25,0.017402214285714285
Al_degrader_E7_E6_E5,24.35,0.01799735714285714
Al_degrader_E7_E6_E5,24.450000000000003,0.018786142857142855
Al_degrader_E7_E6_E5,24.55,0.019420142857142858
Al_degrader_E7_E6_E5,24.650000000000002,0.019803642857142856
Al_degrader_E7_E6_E5,24.75,0.020479
Al_degrader_E7_E6_E5,24.85,0.020916785714285714
Al_degrader_E7_E6_E5,24.950000000000003,0.021201928571428573
Al_degrader_E7_E6_E5,25.05,0.021673857142857144
Al_degrader_E7_E6_E5,25.150000000000002,0.021983214285714286
Al_degrader_E7_E6_E5,25.25,0.022163
Al_degrader_E7_E6_E5,25.35,0.022494928571428572
Al_degrader_E7_E6_E5,25.450000000000003,0.022636357142857142
Al_degrader_E7_E6_E5,25.55,0.02275
Al_degrader_E7_E6_E5,25.650000000000002,0.02289907142857143
Al_degrader_E7_E6_E5,25.75,0.02294892857142857
Al_degrader_E7_E6_E5,25.85,0.022926214285714286
Al_degrader_E7_E6_E5,25.950000000000003,0.022944785714285713
Al_degrader_E7_E6_E5,26.05,0.022866857142857144
Al_degrader_E7_E6_E5,26.150000000000002,0.022714071428571427
Al_degrader_E7_E6_E5,26.25,0.0225915
Al_degrader_E7_E6_E5,26.35,0.022328785714285714
Al_degrader_E7_E6_E5,26.450000000000003,0.021994785714285713
Al_degrader_E7_E6_E5,26.55,0.021718214285714285
Al_degrader_E7_E6_E5,26.650000000000002,0.02124192857142857
Al_degrader_E7_E6_E5,26.75,0.020667571428571428
Al_degrader_E7_E6_E5,26.85,0.020229428571428572
Al_degrader_E7_E6_E5,26.950000000000003,0.019505214285714285
Al_degrader_E7_E6_E5,27.05,0.018731928571428573
Al_degrader_E7_E6_E5,27.150000000000002,0.01810214285714286
Al_degrader_E7_E6_E5,27.25,0.017138642857142856
Al_degrader_E7_E6_E5,27.35,0.016210785714285716
Al_degrader_E7_E6_E5,27.450000000000003,0.015396214285714286
Al_degrader_E7_E6_E5,27.55,0.014289857142857142
Al_degrader_E7_E6_E5,27.650000000000002,0.013248357142857143
Al_degrader_E7_E6_E5,27.75,0.012253285714285715
Al_degrader_E7_E6_E5,27.85,0.011165928571428571
Al_degrader_E7_E6_E5,27.950000000000003,0.010141571428571429
Al_degrader_E7_E6_E5,28.05,0.009157857142857143
Al_degrader_E7_E6_E5,28.150000000000002,0.008097428571428571
Al_degrader_E7_E6_E5,28.25,0.007207785714285714
Al_degrader_E7_E6_E5,28.35,0.006348428571428572
Al_degrader_E7_E6_E5,28.450000000000003,0.005459642857142857
Al_degrader_E7_E6_E5,28.55,0.004719214285714286
Al_degrader_E7_E6_E5,28.650000000000002,0.003966785714285714
Al_degrader_E7_E6_E5,28.75,0.0033720714285714287
Al_degrader_E7_E6_E5,28.85,0.0028073571428571427
Al_degrader_E7_E6_E5,28.950000000000003,0.0023039285714285714
Al_degrader_E7_E6_E5,29.05,0.0019057857142857142
Al_degrader_E7_E6_E5,29.150000000000002,0.0015282142857142857
Al_degrader_E7_E6_E5,29.25,0.001205
Al_degrader_E7_E6_E5,29.35,0.0009832142857142856
Al_degrader_E7_E6_E5,29.450000000000003,0.0007593571428571429
Al_degrader_E7_E6_E5,29.55,0.0005764285714285714
Al_degrader_E7_E6_E5,29.650000000000002,0.000456
Al_degrader_E7_E6_E5,29.75,0.00033678571428571427
Al_degrader_E7_E6_E5,29.85,0.00025292857142857143
Al_degrader_E7_E6_E5,29.950000000000003,0.00018957142857142857
Al_degrader_E7_E6_E5,30.05,0.00013485714285714286
Al_degrader_E7_E6_E5,30.150000000000002,9.814285714285715e-05
Al_degrader_E7_E6_E5,30.25,7.157142857142857e-05
Al_degrader_E7_E6_E5,30.35,4.6285714285714284e-05
Al_degrader_E7_E6_E5,30.450000000000003,3.485714285714286e-05
Al_degrader_E7_E6_E5,30.55,2.385714285714286e-05
Al_degrader_E7_E6_E5,30.650000000000002,1.6642857142857143e-05
Al_degrader_E7_E6_E5,30.75,1.1785714285714286e-05
Al_degrader_E7_E6_E5,30.85,6.5e-06
Al_degrader_E7_E6_E5,30.950000000000003,4.714285714285714e-06
Al_degrader_E7_E6_E5,31.05,2.8571428571428573e-06
Al_degrader_E7_E6_E5,31.150000000000002,2.0714285714285713e-06
Al_degrader_E7_E6_E5,31.25,1.1428571428571428e-06
Al_degrader_E7_E6_E5,31.35,1.0714285714285714e-06
Al_degrader_E7_E6_E5,31.450000000000003,4.2857142857142857e-07
Al_degrader_E7_E6_E5,31.55,2.857142857142857e-07
Al_degrader_E7_E6_E5,31.650000000000002,2.857142857142857e-07
Al_degrader_E7_E6_E5,31.75,0.0
Al_degrader_E7_E6_E5,31.85,7.142857142857142e-08
Ni07,17.05,3.3333333333333335e-07
Ni07,17.15,0.0
Ni07,17.25,0.0
Ni07,17.35,3.3333333333333335e-07
Ni07,17.450000000000003,0.0
Ni07,17.55,0.0
Ni07,17.65,3.3333333333333335e-07
Ni07,17.75,0.0
Ni07,17.85,0.0
Ni07,17.950000000000003,6.666666666666667e-07
Ni07,18.05,6.666666666666667e-07
Ni07,18.15,3.3333333333333335e-07
Ni07,18.25,1.6666666666666667e-06
Ni07,18.35,1e-06
Ni07,18.450000000000003,3.3333333333333333e-06
Ni07,18.55,3e-06
Ni07,18.65,5.333333333333334e-06
Ni07,18.75,7.666666666666667e-06
Ni07,18.85,1.3e-05
Ni07,18.950000000000003,1.7e-05
Ni07,19.05,2.2333333333333332e-05
Ni07,19.150000000000002,3.733333333333333e-05
Ni07,19.25,4.266666666666667e-05
Ni07,19.35,6.0666666666666666e-05
Ni07,19.450000000000003,7.733333333333333e-05
Ni07,19.55,0.00010033333333333334
Ni07,19.650000000000002,0.00012766666666666666
Ni07,19.75,0.00016
Ni07,19.85,0.000211
Ni07,19.950000000000003,0.00028733333333333334
Ni07,20.05,0.00035233333333333335
Ni07,20.150000000000002,0.0004873333333333333
Ni07,20.25,0.000586
Ni07,20.35,0.0007743333333333334
Ni07,20.450000000000003,0.000977
Ni07,20.55,0.0011656666666666666
Ni07,20.650000000000002,0.001569
Ni07,20.75,0.0018573333333333332
Ni07,20.85,0.002283
Ni07,20.950000000000003,0.0028573333333333333
Ni07,21.05,0.003387
Ni07,21.150000000000002,0.004208666666666667
Ni07,21.25,0.004913
Ni07,21.35,0.005824333333333333
Ni07,21.450000000000003,0.00689
Ni07,21.55,0.008071666666666666
Ni07,21.650000000000002,0.009354333333333333
Ni07,21.75,0.010826
Ni07,21.85,0.012498
Ni07,21.950000000000003,0.014088333333333333
Ni07,22.05,0.015801333333333334
Ni07,22.150000000000002,0.017982
Ni07,22.25,0.019792666666666667
Ni07,22.35,0.021868333333333333
Ni07,22.450000000000003,0.023877333333333334
Ni07,22.55,0.025817333333333334
Ni07,22.650000000000002,0.027825666666666665
Ni07,22.75,0.029632333333333333
Ni07,22.85,0.03134766666666667
Ni07,22.950000000000003,0.03301366666666666
Ni07,23.05,0.03474733333333333
Ni07,23.150000000000002,0.03525333333333333
Ni07,23.25,0.03671
Ni07,23.35,0.036644
Ni07,23.450000000000003,0.037648
Ni07,23.55,0.03680066666666667
Ni07,23.650000000000002,0.03668933333333333
Ni07,23.75,0.035843
Ni07,23.85,0.034868666666666666
Ni07,23.950000000000003,0.033454333333333336
Ni07,24.05,0.03189633333333333
Ni07,24.150000000000002,0.030609333333333332
Ni07,24.25,0.028266666666666666
Ni07,24.35,0.026690333333333333
Ni07,24.450000000000003,0.024156666666666667
Ni07,24.55,0.022457666666666667
Ni07,24.650000000000002,0.019793333333333333
Ni07,24.75,0.017842
Ni07,24.85,0.015600333333333334
Ni07,24.950000000000003,0.013885666666666666
Ni07,25.05,0.011858333333333334
Ni07,25.150000000000002,0.010348333333333333
Ni07,25.25,0.008769333333333334
Ni07,25.35,0.0074403333333333335
Ni07,25.450000000000003,0.006143666666666667
Ni07,25.55,0.005087
Ni07,25.650000000000002,0.004219666666666667
Ni07,25.75,0.0033326666666666665
Ni07,25.85,0.00272
Ni07,25.950000000000003,0.0021596666666666665
Ni07,26.05,0.0017026666666666666
Ni07,26.150000000000002,0.0013153333333333333
Ni07,26.25,0.0010453333333333332
Ni07,26.35,0.000757
Ni07,26.450000000000003,0.0005866666666666667
Ni07,26.55,0.00042
Ni07,26.650000000000002,0.000326
Ni07,26.75,0.00023
Ni07,26.85,0.00016533333333333333
Ni07,26.950000000000003,0.00012866666666666666
Ni07,27.05,8.566666666666667e-05
Ni07,27.150000000000002,6.433333333333333e-05
Ni07,27.25,4.133333333333333e-05
Ni07,27.35,2.7e-05
Ni07,27.450000000000003,1.9333333333333333e-05
Ni07,27.55,1.2e-05
Ni07,27.650000000000002,9.333333333333333e-06
Ni07,27.75,7e-06
Ni07,27.85,4e-06
Ni07,27.950000000000003,3.3333333333333333e-06
Ni07,28.05,1.6666666666666667e-06
Ni07,28.150000000000002,1e-06
Ni07,28.25,3.3333333333333335e-07
Ni07,28.35,0.0
Ni07,28.450000000000003,3.3333333333333335e-07
Sn07,16.950000000000003,3.3333333333333335e-07
Sn07,17.05,6.666666666666667e-07
Sn07,17.15,0.0
Sn07,17.25,0.0
Sn07,17.35,0.0
Sn07,17.450000000000003,0.0
Sn07,17.55,0.0
Sn07,17.65,0.0
Sn07,17.75,0.0
Sn07,17.85,1e-06
Sn07,17.950000000000003,2e-06
Sn07,18.05,2.333333333333333e-06
Sn07,18.15,1.6666666666666667e-06
Sn07,18.25,1.6666666666666667e-06
Sn07,18.35,4e-06
Sn07,18.450000000000003,6e-06
Sn07,18.55,9e-06
Sn07,18.65,1.1666666666666666e-05
Sn07,18.75,2.2e-05
Sn07,18.85,3.3333333333333335e-05
Sn07,18.950000000000003,4e-05
Sn07,19.05,5.2333333333333336e-05
Sn07,19.150000000000002,7.4e-05
Sn07,19.25,8.7e-05
Sn07,19.35,0.00011266666666666666
Sn07,19.450000000000003,0.00014033333333333332
Sn07,19.55,0.00018233333333333334
Sn07,19.650000000000002,0.000245
Sn07,19.75,0.000316
Sn07,19.85,0.000414
Sn07,19.950000000000003,0.0005343333333333334
Sn07,20.05,0.000696
Sn07,20.150000000000002,0.000869
Sn07,20.25,0.001073
Sn07,20.35,0.0013893333333333333
Sn07,20.450000000000003,0.0016583333333333333
Sn07,20.55,0.002072
Sn07,20.650000000000002,0.0026496666666666665
Sn07,20.75,0.003105
Sn07,20.85,0.0038106666666666666
Sn07,20.950000000000003,0.004555333333333333
Sn07,21.05,0.005426333333333333
Sn07,21.150000000000002,0.006446333333333333
Sn07,21.25,0.0074986666666666665
Sn07,21.35,0.008708333333333334
Sn07,21.450000000000003,0.010177333333333333
Sn07,21.55,0.011682333333333333
Sn07,21.650000000000002,0.013265666666666667
Sn07,21.75,0.015172666666666666
Sn07,21.85,0.017341333333333334
Sn07,21.950000000000003,0.01895466666666667
Sn07,22.05,0.020984
Sn07,22.150000000000002,0.023056666666666666
Sn07,22.25,0.024858333333333333
Sn07,22.35,0.026911666666666667
Sn07,22.450000000000003,0.029070666666666668
Sn07,22.55,0.030903333333333335
Sn07,22.650000000000002,0.03231966666666666
Sn07,22.75,0.033754
Sn07,22.85,0.035009
Sn07,22.950000000000003,0.036845333333333334
Sn07,23.05,0.037042
Sn07,23.150000000000002,0.03691866666666667
Sn07,23.25,0.037170666666666664
Sn07,23.35,0.037116666666666666
Sn07,23.450000000000003,0.036378
Sn07,23.55,0.035303
Sn07,23.650000000000002,0.03413033333333333
Sn07,23.75,0.03271
Sn07,23.85,0.030769333333333333
Sn07,23.950000000000003,0.029134
Sn07,24.05,0.027863
Sn07,24.150000000000002,0.025603333333333332
Sn07,24.25,0.023010666666666665
Sn07,24.35,0.020739333333333332
Sn07,24.450000000000003,0.018494666666666666
Sn07,24.55,0.016486666666666667
Sn07,24.650000000000002,0.014525
Sn07,24.75,0.012696333333333334
Sn07,24.85,0.010978333333333333
Sn07,24.950000000000003,0.009336333333333334
Sn07,25.05,0.007765
Sn07,25.150000000000002,0.006683666666666667
Sn07,25.25,0.00554
Sn07,25.35,0.004492
Sn07,25.450000000000003,0.0035923333333333332
Sn07,25.55,0.0029593333333333333
Sn07,25.650000000000002,0.0023476666666666667
Sn07,25.75,0.0018383333333333333
Sn07,25.85,0.001479
Sn07,25.950000000000003,0.001119
Sn07,26.05,0.0008466666666666667
Sn07,26.150000000000002,0.0006556666666666667
Sn07,26.25,0.000479
Sn07,26.35,0.00033933333333333336
Sn07,26.450000000000003,0.00024733333333333335
Sn07,26.55,0.000188
Sn07,26.650000000000002,0.000147
Sn07,26.75,0.00010966666666666667
Sn07,26.85,6.566666666666667e-05
Sn07,26.950000000000003,4.433333333333333e-05
Sn07,27.05,2.9e-05
Sn07,27.150000000000002,1.9e-05
Sn07,27.25,1.6666666666666667e-05
Sn07,27.35,1.1666666666666666e-05
Sn07,27.450000000000003,7.666666666666667e-06
Sn07,27.55,4.666666666666666e-06
Sn07,27.650000000000002,3.3333333333333333e-06
Sn07,27.75,3e-06
Sn07,27.85,3.3333333333333335e-07
Sn07,27.950000000000003,3.3333333333333335e-07
Sn07,28.05,6.666666666666667e-07
Ta07,16.55,3.3333333333333335e-07
Ta07,16.65,0.0
Ta07,16.75,3.3333333333333335e-07
Ta07,16.85,0.0
Ta07,16.950000000000003,3.3333333333333335e-07
Ta07,17.05,0.0
Ta07,17.15,0.0
Ta07,17.25,0.0
Ta07,17.35,0.0
Ta07,17.450000000000003,6.666666666666667e-07
Ta07,17.55,1e-06
Ta07,17.65,1.3333333333333334e-06
Ta07,17.75,1.3333333333333334e-06
Ta07,17.85,2e-06
Ta07,17.950000000000003,3.6666666666666666e-06
Ta07,18.05,4.333333333333333e-06
Ta07,18.15,5.666666666666667e-06
Ta07,18.25,8.333333333333334e-06
Ta07,18.35,1.5333333333333334e-05
Ta07,18.450000000000003,2e-05
Ta07,18.55,2.966666666666667e-05
Ta07,18.65,3.8e-05
Ta07,18.75,5.266666666666667e-05
Ta07,18.85,6.533333333333333e-05
Ta07,18.950000000000003,8.333333333333333e-05
Ta07,19.05,0.000107
Ta07,19.150000000000002,0.00013733333333333333
Ta07,19.25,0.000178
Ta07,19.35,0.00022766666666666668
Ta07,19.450000000000003,0.00030533333333333335
Ta07,19.55,0.00038166666666666666
Ta07,19.650000000000002,0.0005246666666666667
Ta07,19.75,0.000612
Ta07,19.85,0.000836
Ta07,19.950000000000003,0.0009963333333333332
Ta07,20.05,0.0012603333333333334
Ta07,20.150000000000002,0.0015643333333333334
Ta07,20.25,0.0019273333333333334
Ta07,20.35,0.002403
Ta07,20.450000000000003,0.0028723333333333335
Ta07,20.55,0.003535
Ta07,20.650000000000002,0.004218666666666667
Ta07,20.75,0.004958333333333334
Ta07,20.85,0.005944
Ta07,20.950000000000003,0.006886
Ta07,21.05,0.008146666666666667
Ta07,21.150000000000002,0.009301
Ta07,21.25,0.010798666666666666
Ta07,21.35,0.012243
Ta07,21.450000000000003,0.014185
Ta07,21.55,0.015854666666666666
Ta07,21.650000000000002,0.017673333333333333
Ta07,21.75,0.019769333333333333
Ta07,21.85,0.021487333333333334
Ta07,21.950000000000003,0.023477
Ta07,22.05,0.025465666666666668
Ta07,22.150000000000002,0.02739166666666667
Ta07,22.25,0.029200666666666666
Ta07,22.35,0.030877333333333333
Ta07,22.450000000000003,0.032530666666666666
Ta07,22.55,0.034178
Ta07,22.650000000000002,0.034757333333333335
Ta07,22.75,0.036183
Ta07,22.85,0.03613
Ta07,22.950000000000003,0.037168
Ta07,23.05,0.036478666666666666
Ta07,23.150000000000002,0.036366
Ta07,23.25,0.035469
Ta07,23.35,0.034834333333333335
Ta07,23.450000000000003,0.033218
Ta07,23.55,0.031853
Ta07,23.650000000000002,0.030333666666666665
Ta07,23.75,0.028653333333333333
Ta07,23.85,0.026867666666666668
Ta07,23.950000000000003,0.024509666666666666
Ta07,24.05,0.022680666666666665
Ta07,24.150000000000002,0.020197666666666666
Ta07,24.25,0.018151333333333332
Ta07,24.35,0.016091
Ta07,24.450000000000003,0.014166
Ta07,24.55,0.012436666666666667
Ta07,24.650000000000002,0.010670666666666667
Ta07,24.75,0.009208333333333334
Ta07,24.85,0.007752333333333333
Ta07,24.950000000000003,0.006489666666666667
Ta07,25.05,0.005385
Ta07,25.150000000000002,0.0044993333333333335
Ta07,25.25,0.003612666666666667
Ta07,25.35,0.0029273333333333334
Ta07,25.450000000000003,0.002321
Ta07,25.55,0.0018963333333333334
Ta07,25.650000000000002,0.001447
Ta07,25.75,0.0011323333333333333
Ta07,25.85,0.0008733333333333334
Ta07,25.950000000000003,0.0006616666666666666
Ta07,26.05,0.000481
Ta07,26.150000000000002,0.00037033333333333335
Ta07,26.25,0.00025333333333333333
Ta07,26.35,0.000205
Ta07,26.450000000000003,0.00014366666666666667
Ta07,26.55,0.00010366666666666666
Ta07,26.650000000000002,7.733333333333333e-05
Ta07,26.75,5.1e-05
Ta07,26.85,3.1333333333333334e-05
Ta07,26.950000000000003,2.1333333333333335e-05
Ta07,27.05,1.7e-05
Ta07,27.150000000000002,1.1666666666666666e-05
Ta07,27.25,7.666666666666667e-06
Ta07,27.35,6.333333333333333e-06
Ta07,27.450000000000003,4e-06
Ta07,27.55,1.3333333333333334e-06
Ta07,27.650000000000002,2e-06
Ta07,27.75,3.3333333333333335e-07
Ta07,27.85,3.3333333333333335e-07
Ta07,27.950000000000003,3.3333333333333335e-07
Cu07,16.05,3.3333333333333335e-07
Cu07,16.15,0.0
Cu07,16.25,3.3333333333333335e-07
Cu07,16.35,0.0
Cu07,16.450000000000003,0.0
Cu07,16.55,3.3333333333333335e-07
Cu07,16.65,0.0
Cu07,16.75,0.0
Cu07,16.85,0.0
Cu07,16.950000000000003,6.666666666666667e-07
Cu07,17.05,1e-06
Cu07,17.15,1e-06
Cu07,17.25,6.666666666666667e-07
Cu07,17.35,1.3333333333333334e-06
Cu07,17.450000000000003,3.3333333333333333e-06
Cu07,17.55,3e-06
Cu07,17.65,5e-06
Cu07,17.75,7e-06
Cu07,17.85,1.3e-05
Cu07,17.950000000000003,1.633333333333333e-05
Cu07,18.05,2.1e-05
Cu07,18.15,3.3e-05
Cu07,18.25,4.233333333333333e-05
Cu07,18.35,5.3666666666666666e-05
Cu07,18.450000000000003,7.5e-05
Cu07,18.55,8.666666666666667e-05
Cu07,18.65,0.000111
Cu07,18.75,0.000149
Cu07,18.85,0.00018533333333333333
Cu07,18.950000000000003,0.000238
Cu07,19.05,0.00031233333333333335
Cu07,19.150000000000002,0.00040566666666666664
Cu07,19.25,0.0005216666666666667
Cu07,19.35,0.000634
Cu07,19.450000000000003,0.0008293333333333333
Cu07,19.55,0.0010156666666666667
Cu07,19.650000000000002,0.0012653333333333334
Cu07,19.75,0.0016053333333333334
Cu07,19.85,0.001912
Cu07,19.950000000000003,0.002383
Cu07,20.05,0.0028606666666666667
Cu07,20.150000000000002,0.0034346666666666666
Cu07,20.25,0.004196333333333333
Cu07,20.35,0.004875333333333333
Cu07,20.450000000000003,0.005814333333333334
Cu07,20.55,0.006751333333333333
Cu07,20.650000000000002,0.007934
Cu07,20.75,0.009108
Cu07,20.85,0.010478666666666667
Cu07,20.950000000000003,0.011882666666666666
Cu07,21.05,0.013790666666666666
Cu07,21.150000000000002,0.015238666666666666
Cu07,21.25,0.017214333333333335
Cu07,21.35,0.019022
Cu07,21.450000000000003,0.020924333333333333
Cu07,21.55,0.022879
Cu07,21.650000000000002,0.024697666666666666
Cu07,21.75,0.026619666666666666
Cu07,21.85,0.028365333333333333
Cu07,21.950000000000003,0.029989333333333333
Cu07,22.05,0.031661666666666664
Cu07,22.150000000000002,0.033376
Cu07,22.25,0.03396233333333333
Cu07,22.35,0.03540833333333333
Cu07,22.450000000000003,0.03553733333333333
Cu07,22.55,0.03657133333333333
Cu07,22.650000000000002,0.036062666666666666
Cu07,22.75,0.035948666666666663
Cu07,22.85,0.035421
Cu07,22.950000000000003,0.03464166666666667
Cu07,23.05,0.033332
Cu07,23.150000000000002,0.032217666666666665
Cu07,23.25,0.030391666666666668
Cu07,23.35,0.029339333333333332
Cu07,23.450000000000003,0.026921333333333332
Cu07,23.55,0.025504
Cu07,23.650000000000002,0.023056
Cu07,23.75,0.021382666666666668
Cu07,23.85,0.018838
Cu07,23.950000000000003,0.017068333333333335
Cu07,24.05,0.014867666666666666
Cu07,24.150000000000002,0.013276666666666668
Cu07,24.25,0.011397666666666667
Cu07,24.35,0.009937333333333333
Cu07,24.450000000000003,0.008443
Cu07,24.55,0.0071916666666666665
Cu07,24.650000000000002,0.005946
Cu07,24.75,0.005006333333333333
Cu07,24.85,0.004069
Cu07,24.950000000000003,0.0032756666666666667
Cu07,25.05,0.002695
Cu07,25.150000000000002,0.0021446666666666667
Cu07,25.25,0.0017023333333333333
Cu07,25.35,0.0013163333333333334
Cu07,25.450000000000003,0.001057
Cu07,25.55,0.0007833333333333334
Cu07,25.650000000000002,0.000606
Cu07,25.75,0.000428
Cu07,25.85,0.000343
Cu07,25.950000000000003,0.00023466666666666666
Cu07,26.05,0.00018366666666666667
Cu07,26.150000000000002,0.00013333333333333334
Cu07,26.25,9.666666666666667e-05
Cu07,26.35,7.266666666666667e-05
Cu07,26.450000000000003,4.433333333333333e-05
Cu07,26.55,2.8333333333333332e-05
Cu07,26.650000000000002,2e-05
Cu07,26.75,1.633333333333333e-05
Cu07,26.85,1.0333333333333333e-05
Cu07,26.950000000000003,8.666666666666666e-06
Cu07,27.05,5e-06
Cu07,27.150000000000002,3.3333333333333333e-06
Cu07,27.25,1.3333333333333334e-06
Cu07,27.35,2e-06
Cu07,27.450000000000003,3.3333333333333335e-07
Cu07,27.55,3.3333333333333335e-07
Cu07,27.650000000000002,3.3333333333333335e-07
